College,City,State,Control,unitid,year,institution.name.1,HD2018.Street.address.or.post.office.box,HD2018.City.location.of.institution,HD2018.State.abbreviation,HD2018.ZIP.code,HD2018.Degree.of.urbanization..Urban.centric.locale.,HD2018.CBSA.Type.Metropolitan.or.Micropolitan,HD2018.Longitude.location.of.institution,HD2018.Latitude.location.of.institution,HD2018.Institution.size.category,DRVEF2018.Total..enrollment,ruralDefinition1,ruralDefinition2
Coastal Alabama Community College,Bay Minette,AL,Public,101161,2018,Coastal Alabama Community College,1900 U S Highway 31 South,Bay Minette,Alabama,36507-2698,Town: Distant,Metropolitan Statistical Area,-87.778193,30.851343,"5,000 - 9,999",7419,0,0
Southern Union State Community College,Wadley,AL,Public,251260,2018,Southern Union State Community College,750 Roberts St,Wadley,Alabama,36276,Rural: Remote,Not applicable,-85.572382,33.128785,"1,000 - 4,999",4531,1,1
Lawson State Community College,Birmingham,AL,Public,101569,2018,Lawson State Community College,3060 Wilson Rd SW,Birmingham,Alabama,35221-1717,City: Midsize,Metropolitan Statistical Area,-86.888844,33.450814,"1,000 - 4,999",3274,0,0
Gadsden State Community College,Gadsden,AL,Public,101240,2018,Gadsden State Community College,1001 George Wallace Dr,Gadsden,Alabama,35903,City: Small,Metropolitan Statistical Area,-85.991438,33.994001,"1,000 - 4,999",4736,0,0
Snead State Community College,Boaz,AL,Public,102076,2018,Snead State Community College,102 Elder Street,Boaz,Alabama,35957-0734,Town: Distant,Micropolitan Statistical Area,-86.169897,34.201495,"1,000 - 4,999",2280,0,0
Central Alabama Community College,Alexander City,AL,Public,100760,2018,Central Alabama Community College,1675 Cherokee Rd,Alexander City,Alabama,35010,Town: Distant,Micropolitan Statistical Area,-85.945266,32.92478,"1,000 - 4,999",1681,0,0
Enterprise State Community College,Enterprise,AL,Public,101143,2018,Enterprise State Community College,600 Plaza Drive,Enterprise,Alabama,36330-1300,Town: Distant,Micropolitan Statistical Area,-85.836956,31.297496,"1,000 - 4,999",1705,0,0
Jefferson State Community College,Birmingham,AL,Public,101505,2018,Jefferson State Community College,2601 Carson Rd,Birmingham,Alabama,35215-3098,City: Midsize,Metropolitan Statistical Area,-86.707233,33.652535,"5,000 - 9,999",9078,0,0
Northeast Alabama Community College,Rainsville,AL,Public,101897,2018,Northeast Alabama Community College,138  Highway 35,Rainsville,Alabama,35986,Rural: Distant,Micropolitan Statistical Area,-85.911664,34.545471,"1,000 - 4,999",2883,1,1
Lurleen B Wallace Community College,Andalusia,AL,Public,101602,2018,Lurleen B Wallace Community College,1000 Dannelly Blvd.,Andalusia,Alabama,36420-1418,Rural: Fringe,Not applicable,-86.452262,31.322947,"1,000 - 4,999",1784,0,1
Chattahoochee Valley Community College,Phenix City,AL,Public,101028,2018,Chattahoochee Valley Community College,2602 College Drive,Phenix City,Alabama,36869,Rural: Fringe,Metropolitan Statistical Area,-85.031485,32.42391,"1,000 - 4,999",1568,0,1
Bishop State Community College,Mobile,AL,Public,102030,2018,Bishop State Community College,351 North Broad Street,Mobile,Alabama,36603-5898,City: Midsize,Metropolitan Statistical Area,-88.056982,30.693972,"1,000 - 4,999",2860,0,0
Marion Military Institute,Marion,AL,Public,101648,2018,Marion Military Institute,1101 Washington St,Marion,Alabama,36756-3207,Rural: Remote,Not applicable,-87.322041,32.623734,"Under 1,000",394,1,1
Shelton State Community College,Tuscaloosa,AL,Public,102067,2018,Shelton State Community College,9500 Old Greensboro Rd,Tuscaloosa,Alabama,35405-8522,City: Midsize,Metropolitan Statistical Area,-87.56148,33.120531,"1,000 - 4,999",4350,0,0
Northwest-Shoals Community College,Muscle Shoals,AL,Public,101736,2018,Northwest-Shoals Community College,800 George Wallace Blvd,Muscle Shoals,Alabama,35661,City: Small,Metropolitan Statistical Area,-87.678089,34.739788,"1,000 - 4,999",3539,0,0
Bevill State Community College,Jasper,AL,Public,102429,2018,Bevill State Community College,1411 Indiana Avenue,Jasper,Alabama,35501,Town: Distant,Metropolitan Statistical Area,-87.266406,33.836929,"1,000 - 4,999",3745,0,0
North Arkansas College,Harrison,AR,Public,107460,2018,North Arkansas College,1515 Pioneer Dr,Harrison,Arkansas,72601-5508,Town: Remote,Micropolitan Statistical Area,-93.08844,36.219909,"1,000 - 4,999",1812,0,0
East Arkansas Community College,Forrest City,AR,Public,106883,2018,East Arkansas Community College,1700 Newcastle Rd,Forrest City,Arkansas,72335-2204,Town: Distant,Micropolitan Statistical Area,-90.767726,35.041655,"1,000 - 4,999",1151,0,0
Southern Arkansas University Tech,Camden,AR,Public,107992,2018,Southern Arkansas University Tech,6415 Spellman Road,Camden,Arkansas,71701-1906,Rural: Distant,Micropolitan Statistical Area,-92.721629,33.628367,"1,000 - 4,999",1082,1,1
Arkansas Northeastern College,Blytheville,AR,Public,107327,2018,Arkansas Northeastern College,2501 S Division,Blytheville,Arkansas,72316-1109,Rural: Fringe,Micropolitan Statistical Area,-89.921005,35.898597,"1,000 - 4,999",1422,0,1
South Arkansas Community College,El Dorado,AR,Public,107974,2018,South Arkansas Community College,300 S West Ave,El Dorado,Arkansas,71731-7010,Town: Remote,Micropolitan Statistical Area,-92.666087,33.209446,"1,000 - 4,999",1473,0,0
NorthWest Arkansas Community College,Bentonville,AR,Public,367459,2018,NorthWest Arkansas Community College,One College Drive,Bentonville,Arkansas,72712-5091,City: Small,Metropolitan Statistical Area,-94.17289,36.357704,"5,000 - 9,999",7979,0,0
Black River Technical College,Pocahontas,AR,Public,106625,2018,Black River Technical College,1410 Hwy 304 East,Pocahontas,Arkansas,72455,Rural: Fringe,Not applicable,-90.951033,36.239793,"1,000 - 4,999",1582,0,1
Arkansas State University Mid-South,West Memphis,AR,Public,107318,2018,Arkansas State University Mid-South,2000 W.  Broadway,West Memphis,Arkansas,72301-3829,Suburb: Large,Metropolitan Statistical Area,-90.22285,35.145736,"1,000 - 4,999",1423,0,0
College of the Ouachitas,Malvern,AR,Public,107521,2018,College of the Ouachitas,One College Circle,Malvern,Arkansas,72104-0816,Town: Fringe,Micropolitan Statistical Area,-92.821416,34.378745,"1,000 - 4,999",1257,0,0
Ozarka College,Melbourne,AR,Public,107549,2018,Ozarka College,218 College Dr,Melbourne,Arkansas,72556-0010,Rural: Remote,Not applicable,-91.896355,36.053031,"1,000 - 4,999",1123,1,1
Southeast Arkansas College,Pine Bluff,AR,Public,107637,2018,Southeast Arkansas College,1900 Hazel St.,Pine Bluff,Arkansas,71603,City: Small,Metropolitan Statistical Area,-92.025936,34.210309,"1,000 - 4,999",1119,0,0
Mesa Community College,Mesa,AZ,Public,105154,2018,Mesa Community College,1833 W Southern Ave,Mesa,Arizona,85202,City: Large,Metropolitan Statistical Area,-111.871255,33.390323,"20,000 and above",20387,0,0
Central Arizona College,Coolidge,AZ,Public,104346,2018,Central Arizona College,8470 N Overfield Rd,Coolidge,Arizona,85128-9030,Rural: Fringe,Metropolitan Statistical Area,-111.652501,32.957092,"5,000 - 9,999",5044,0,1
Mohave Community College,Kingman,AZ,Public,105206,2018,Mohave Community College,1971 Jagerson Ave,Kingman,Arizona,86409-1238,Rural: Fringe,Metropolitan Statistical Area,-114.029838,35.270996,"1,000 - 4,999",4071,0,1
Eastern Arizona College,Thatcher,AZ,Public,104577,2018,Eastern Arizona College,615 N. Stadium Ave.,Thatcher,Arizona,85552-0769,Town: Remote,Micropolitan Statistical Area,-109.76234,32.843664,"5,000 - 9,999",6040,0,0
Gateway Community College,Phoenix,AZ,Public,130396,2018,Gateway Community College,20 Church Street,New Haven,Connecticut,6510,City: Midsize,Metropolitan Statistical Area,-72.927682,41.303785,"5,000 - 9,999",7016,0,0
Northland Pioneer College,Holbrook,AZ,Public,105349,2018,Northland Pioneer College,2251 E. Navajo Blvd.,Holbrook,Arizona,86025-0610,Rural: Fringe,Micropolitan Statistical Area,-110.142199,34.93031,"1,000 - 4,999",3182,0,1
Yavapai College,Prescott,AZ,Public,106148,2018,Yavapai College,1100 E Sheldon St,Prescott,Arizona,86301,City: Small,Metropolitan Statistical Area,-112.453395,34.547495,"5,000 - 9,999",7314,0,0
Arizona Western College,Yuma,AZ,Public,104160,2018,Arizona Western College,2020 S. Avenue 8E,Yuma,Arizona,85365-8834,City: Small,Metropolitan Statistical Area,-114.495968,32.689306,"5,000 - 9,999",7434,0,0
Glendale Community College,Glendale,AZ,Public,104708,2018,Glendale Community College,6000 W Olive Ave,Glendale,Arizona,85302,Suburb: Large,Metropolitan Statistical Area,-112.190735,33.570226,"10,000 - 19,999",17942,0,0
Glendale Community College,Glendale,AZ,Public,115001,2018,Glendale Community College,1500 N Verdugo Rd,Glendale,California,91208-2894,City: Midsize,Metropolitan Statistical Area,-118.227666,34.16745,"10,000 - 19,999",13892,0,0
Scottsdale Community College,Scottsdale,AZ,Public,105747,2018,Scottsdale Community College,9000 E Chaparral Rd,Scottsdale,Arizona,85256,Rural: Fringe,Metropolitan Statistical Area,-111.885186,33.51135,"5,000 - 9,999",8744,0,1
Phoenix College,Phoenix,AZ,Public,105428,2018,Phoenix College,1202 W Thomas Rd,Phoenix,Arizona,85013,City: Large,Metropolitan Statistical Area,-112.088293,33.481361,"10,000 - 19,999",10959,0,0
Rio Salado College,Tempe,AZ,Public,105668,2018,Rio Salado College,2323 W 14th St,Tempe,Arizona,85281,City: Midsize,Metropolitan Statistical Area,-111.97417,33.413309,"10,000 - 19,999",18304,0,0
South Mountain Community College,Phoenix,AZ,Public,105792,2018,South Mountain Community College,7050 S 24th St,Phoenix,Arizona,85042,City: Large,Metropolitan Statistical Area,-112.032635,33.382406,"1,000 - 4,999",4075,0,0
Chandler-Gilbert Community College,Chandler,AZ,Public,364025,2018,Chandler-Gilbert Community College,2626 E Pecos Rd,Chandler,Arizona,85225-2499,Suburb: Large,Metropolitan Statistical Area,-111.795922,33.293897,"10,000 - 19,999",14728,0,0
Estrella Mountain Community College,Avondale,AZ,Public,384333,2018,Estrella Mountain Community College,3000 N Dysart Rd,Avondale,Arizona,85392-1000,Suburb: Midsize,Metropolitan Statistical Area,-112.343158,33.480722,"5,000 - 9,999",9976,0,0
Coconino Community College,Flagstaff,AZ,Public,404426,2018,Coconino Community College,2800 S. Lone Tree Rd.,Flagstaff,Arizona,86005-2701,Rural: Fringe,Metropolitan Statistical Area,-111.645631,35.171328,"1,000 - 4,999",3719,0,1
Palo Verde College,Blythe,CA,Public,120953,2018,Palo Verde College,One College Drive,Blythe,California,92225,Rural: Distant,Metropolitan Statistical Area,-114.651698,33.661538,"1,000 - 4,999",4118,1,1
Porterville College,Porterville,CA,Public,121363,2018,Porterville College,100 E College Ave,Porterville,California,93257,City: Small,Metropolitan Statistical Area,-119.014368,36.049256,"1,000 - 4,999",4285,0,0
Golden West College,Huntington Beach,CA,Public,115126,2018,Golden West College,15744 Goldenwest St.,Huntington Beach,California,92647-2710,Suburb: Large,Metropolitan Statistical Area,-118.002568,33.732531,"10,000 - 19,999",11621,0,0
Cosumnes River College,Sacramento,CA,Public,113096,2018,Cosumnes River College,8401 Center Parkway,Sacramento,California,95823-5799,City: Large,Metropolitan Statistical Area,-121.423108,38.45295,"10,000 - 19,999",14193,0,0
Sacramento City College,Sacramento,CA,Public,122180,2018,Sacramento City College,3835 Freeport Blvd,Sacramento,California,95822-1386,City: Large,Metropolitan Statistical Area,-121.491139,38.541096,"20,000 and above",21379,0,0
American River College,Sacramento,CA,Public,109208,2018,American River College,4700 College Oak Dr,Sacramento,California,95841-4286,Suburb: Large,Metropolitan Statistical Area,-121.349672,38.65085,"20,000 and above",31366,0,0
Los Angeles Valley College,Valley Glen,CA,Public,117733,2018,Los Angeles Valley College,5800 Fulton Avenue,Valley Glen,California,91401-4096,City: Large,Metropolitan Statistical Area,-118.421734,34.175165,"10,000 - 19,999",16194,0,0
Allan Hancock College,Santa Maria,CA,Public,108807,2018,Allan Hancock College,800 South College Drive,Santa Maria,California,93454-6399,City: Midsize,Metropolitan Statistical Area,-120.421144,34.943716,"10,000 - 19,999",11285,0,0
Monterey Peninsula College,Monterey,CA,Public,119067,2018,Monterey Peninsula College,980 Fremont St,Monterey,California,93940-4799,Suburb: Midsize,Metropolitan Statistical Area,-121.884931,36.590558,"5,000 - 9,999",8017,0,0
Laney College,Oakland,CA,Public,117247,2018,Laney College,900 Fallon Sreet,Oakland,California,94607,City: Large,Metropolitan Statistical Area,-122.26283,37.797257,"10,000 - 19,999",10404,0,0
Cabrillo College,Aptos,CA,Public,110334,2018,Cabrillo College,6500 Soquel Dr,Aptos,California,95003,Suburb: Midsize,Metropolitan Statistical Area,-121.924797,36.989448,"10,000 - 19,999",11321,0,0
San Joaquin Delta College,Stockton,CA,Public,122658,2018,San Joaquin Delta College,5151 Pacific Ave,Stockton,California,95207,City: Large,Metropolitan Statistical Area,-121.318266,37.995129,"10,000 - 19,999",18209,0,0
Santa Barbara City College,Santa Barbara,CA,Public,122889,2018,Santa Barbara City College,721 Cliff Drive,Santa Barbara,California,93109-2394,City: Small,Metropolitan Statistical Area,-119.698045,34.406788,"10,000 - 19,999",14646,0,0
Lassen Community College,Susanville,CA,Public,117274,2018,Lassen Community College,478-200 Hwy 139,Susanville,California,96130,Rural: Fringe,Micropolitan Statistical Area,-120.633271,40.432053,"1,000 - 4,999",2660,0,1
Foothill College,Los Altos Hills,CA,Public,114716,2018,Foothill College,12345 El Monte Rd,Los Altos Hills,California,94022,Suburb: Large,Metropolitan Statistical Area,-122.127964,37.361655,"10,000 - 19,999",14732,0,0
Imperial Valley College,Imperial,CA,Public,115861,2018,Imperial Valley College,380 E. Aten Road,Imperial,California,92251-0158,Rural: Fringe,Metropolitan Statistical Area,-115.503563,32.827209,"5,000 - 9,999",8340,0,1
Taft College,Taft,CA,Public,124113,2018,Taft College,29 Cougar Court,Taft,California,93268,Town: Distant,Metropolitan Statistical Area,-119.459751,35.149343,"5,000 - 9,999",6155,0,0
Chaffey College,Rancho Cucamonga,CA,Public,111939,2018,Chaffey College,5885 Haven Ave,Rancho Cucamonga,California,91737-3002,Suburb: Large,Metropolitan Statistical Area,-117.573932,34.147663,"20,000 and above",22969,0,0
Antelope Valley College,Lancaster,CA,Public,109350,2018,Antelope Valley College,3041 West  Ave K,Lancaster,California,93536-5426,Suburb: Large,Metropolitan Statistical Area,-118.186166,34.676207,"10,000 - 19,999",14239,0,0
College of the Desert,Palm Desert,CA,Public,113573,2018,College of the Desert,43-500 Monterey Ave,Palm Desert,California,92260,Suburb: Large,Metropolitan Statistical Area,-116.388271,33.732108,"10,000 - 19,999",11412,0,0
Los Angeles Trade Technical College,Los Angeles,CA,Public,117724,2018,Los Angeles Trade Technical College,400 W Washington Blvd,Los Angeles,California,90015-4181,City: Large,Metropolitan Statistical Area,-118.269447,34.031907,"10,000 - 19,999",13357,0,0
Cuesta College,San Luis Obispo,CA,Public,113193,2018,Cuesta College,Highway 1,San Luis Obispo,California,93403-8106,Suburb: Small,Metropolitan Statistical Area,-120.742235,35.331276,"10,000 - 19,999",11024,0,0
Ohlone College,Fremont,CA,Public,120290,2018,Ohlone College,43600 Mission Blvd,Fremont,California,94539-0390,Suburb: Large,Metropolitan Statistical Area,-121.916339,37.52773,"5,000 - 9,999",8835,0,0
Modesto Junior College,Modesto,CA,Public,118976,2018,Modesto Junior College,435 College Ave,Modesto,California,95350-5800,City: Midsize,Metropolitan Statistical Area,-121.009792,37.651056,"10,000 - 19,999",17908,0,0
Orange Coast College,Costa Mesa,CA,Public,120342,2018,Orange Coast College,2701 Fairview Road,Costa Mesa,California,92626,City: Midsize,Metropolitan Statistical Area,-117.909086,33.66927,"20,000 and above",21122,0,0
MiraCosta College,Oceanside,CA,Public,118912,2018,MiraCosta College,One Barnard Drive,Oceanside,California,92056-3899,Suburb: Large,Metropolitan Statistical Area,-117.302606,33.190483,"10,000 - 19,999",13720,0,0
Reedley College,Reedley,CA,Public,117052,2018,Reedley College,995 N Reed Ave,Reedley,California,93654,Town: Distant,Metropolitan Statistical Area,-119.458555,36.605428,"10,000 - 19,999",11189,0,0
Citrus College,Glendora,CA,Public,112172,2018,Citrus College,1000 W Foothill Blvd,Glendora,California,91741-1899,Suburb: Large,Metropolitan Statistical Area,-117.885266,34.135487,"10,000 - 19,999",13136,0,0
De Anza College,Cupertino,CA,Public,113333,2018,De Anza College,21250 Stevens Creek Blvd.,Cupertino,California,95014,City: Small,Metropolitan Statistical Area,-122.045558,37.320788,"10,000 - 19,999",19482,0,0
Santa Rosa Junior College,Santa Rosa,CA,Public,123013,2018,Santa Rosa Junior College,1501 Mendocino Avenue,Santa Rosa,California,95401-4395,City: Midsize,Metropolitan Statistical Area,-122.718974,38.45709,"20,000 and above",20000,0,0
San Bernardino Valley College,San Bernardino,CA,Public,123527,2018,San Bernardino Valley College,701 South Mount Vernon Avenue,San Bernardino,California,92410-2798,City: Midsize,Metropolitan Statistical Area,-117.313248,34.086353,"10,000 - 19,999",13837,0,0
Cerro Coso Community College,Ridgecrest,CA,Public,111896,2018,Cerro Coso Community College,3000 College Heights Blvd,Ridgecrest,California,93555-9571,Rural: Fringe,Metropolitan Statistical Area,-117.66767,35.567525,"5,000 - 9,999",6074,0,1
Gavilan College,Gilroy,CA,Public,114938,2018,Gavilan College,5055 Santa Teresa Blvd,Gilroy,California,95020,Suburb: Small,Metropolitan Statistical Area,-121.569842,36.972627,"5,000 - 9,999",5649,0,0
Los Angeles Harbor College,Wilmington,CA,Public,117690,2018,Los Angeles Harbor College,1111 Figueroa Place,Wilmington,California,90744-2397,City: Large,Metropolitan Statistical Area,-118.28186,33.784201,"5,000 - 9,999",8704,0,0
College of the Canyons,Santa Clarita,CA,Public,111461,2018,College of the Canyons,26455 Rockwell Canyon Rd,Santa Clarita,California,91355-1899,Suburb: Large,Metropolitan Statistical Area,-118.568698,34.403993,"20,000 and above",20850,0,0
East Los Angeles College,Monterey Park,CA,Public,113856,2018,East Los Angeles College,1301 Avenida Cesar Chavez,Monterey Park,California,91754-6099,City: Small,Metropolitan Statistical Area,-118.148785,34.040531,"20,000 and above",35403,0,0
San Diego Mesa College,San Diego,CA,Public,122375,2018,San Diego Mesa College,7250 Mesa College Dr,San Diego,California,92111-4998,City: Large,Metropolitan Statistical Area,-117.169165,32.803825,"20,000 and above",22284,0,0
College of the Sequoias,Visalia,CA,Public,123217,2018,College of the Sequoias,915 S. Mooney Blvd,Visalia,California,93277-2214,City: Midsize,Metropolitan Statistical Area,-119.315182,36.323877,"10,000 - 19,999",12557,0,0
Hartnell College,Salinas,CA,Public,115393,2018,Hartnell College,411 Central Avenue,Salinas,California,93901,City: Midsize,Metropolitan Statistical Area,-121.666054,36.675091,"10,000 - 19,999",12521,0,0
Victor Valley College,Victorville,CA,Public,125091,2018,Victor Valley College,18422 Bear Valley Rd,Victorville,California,92395-5850,City: Midsize,Metropolitan Statistical Area,-117.261456,34.472231,"10,000 - 19,999",12231,0,0
College of San Mateo,San Mateo,CA,Public,122791,2018,College of San Mateo,1700 W Hillsdale Blvd,San Mateo,California,94402-3784,Suburb: Large,Metropolitan Statistical Area,-122.334801,37.535698,"5,000 - 9,999",8924,0,0
Canada College,Redwood City,CA,Public,111434,2018,Canada College,4200 Farm Hill Blvd.,Redwood City,California,94061-1099,Suburb: Large,Metropolitan Statistical Area,-122.265398,37.44877,"5,000 - 9,999",5987,0,0
Compton College,Compton,CA,Public,112686,2018,Compton College,1111 East Artesia Blvd.,Compton,California,90221-5393,Suburb: Large,Metropolitan Statistical Area,-118.209463,33.878226,"5,000 - 9,999",7046,0,0
Santa Monica College,Santa Monica,CA,Public,122977,2018,Santa Monica College,1900 Pico Blvd,Santa Monica,California,90405-1628,City: Small,Metropolitan Statistical Area,-118.469765,34.017022,"20,000 and above",28800,0,0
Contra Costa College,San Pablo,CA,Public,112826,2018,Contra Costa College,2600 Mission Bell Dr,San Pablo,California,94806-3195,Suburb: Large,Metropolitan Statistical Area,-122.337377,37.969381,"5,000 - 9,999",7193,0,0
Cerritos College,Norwalk,CA,Public,111887,2018,Cerritos College,11110 Alondra Blvd,Norwalk,California,90650-6298,Suburb: Large,Metropolitan Statistical Area,-118.097337,33.886874,"20,000 and above",21745,0,0
Grossmont College,El Cajon,CA,Public,115296,2018,Grossmont College,8800 Grossmont College Dr,El Cajon,California,92020-1799,Suburb: Large,Metropolitan Statistical Area,-117.006277,32.815246,"10,000 - 19,999",17835,0,0
Merced College,Merced,CA,Public,118718,2018,Merced College,3600 M St,Merced,California,95348-2898,City: Small,Metropolitan Statistical Area,-120.476464,37.3353,"10,000 - 19,999",10995,0,0
Crafton Hills College,Yucaipa,CA,Public,113111,2018,Crafton Hills College,11711 Sand Canyon Road,Yucaipa,California,92339-1799,Rural: Fringe,Metropolitan Statistical Area,-117.101173,34.039178,"5,000 - 9,999",6552,0,1
West Los Angeles College,Culver City,CA,Public,125471,2018,West Los Angeles College,9000 Overland Avenue,Culver City,California,90230-3519,Suburb: Large,Metropolitan Statistical Area,-118.386664,34.004512,"10,000 - 19,999",11743,0,0
Los Angeles Southwest College,Los Angeles,CA,Public,117715,2018,Los Angeles Southwest College,1600 W. Imperial Hwy.,Los Angeles,California,90047-4899,Suburb: Large,Metropolitan Statistical Area,-118.304674,33.929586,"5,000 - 9,999",5678,0,0
Bakersfield College,Bakersfield,CA,Public,109819,2018,Bakersfield College,1801 Panorama Dr,Bakersfield,California,93305-1299,City: Large,Metropolitan Statistical Area,-118.973753,35.40911,"20,000 and above",24589,0,0
College of Alameda,Alameda,CA,Public,108667,2018,College of Alameda,555 Ralph Appezzato Memorial Pky,Alameda,California,94501,Suburb: Large,Metropolitan Statistical Area,-122.279303,37.781017,"5,000 - 9,999",6389,0,0
Merritt College,Oakland,CA,Public,118772,2018,Merritt College,12500 Campus Dr,Oakland,California,94619-3196,City: Large,Metropolitan Statistical Area,-122.167335,37.789088,"5,000 - 9,999",7453,0,0
Diablo Valley College,Pleasant Hill,CA,Public,113634,2018,Diablo Valley College,321 Golf Club Rd,Pleasant Hill,California,94523,Suburb: Large,Metropolitan Statistical Area,-122.073142,37.968516,"20,000 and above",20271,0,0
Southwestern College,Chula Vista,CA,Public,123800,2018,Southwestern College,900 Otay Lakes Rd.,Chula Vista,California,91910-7299,Suburb: Large,Metropolitan Statistical Area,-116.996803,32.640281,"10,000 - 19,999",18569,0,0
San Jose City College,San Jose,CA,Public,122746,2018,San Jose City College,2100 Moorpark Ave,San Jose,California,95128-2798,City: Large,Metropolitan Statistical Area,-121.926185,37.315827,"5,000 - 9,999",9270,0,0
Rio Hondo College,Whittier,CA,Public,121886,2018,Rio Hondo College,3600 Workman Mill Rd,Whittier,California,90601-1616,Suburb: Large,Metropolitan Statistical Area,-118.033506,34.019821,"10,000 - 19,999",19997,0,0
Mendocino College,Ukiah,CA,Public,118684,2018,Mendocino College,1000 Hensley Creek Road,Ukiah,California,95482,Rural: Fringe,Micropolitan Statistical Area,-123.228809,39.188989,"1,000 - 4,999",3898,0,1
Columbia College,Sonora,CA,Public,112561,2018,Columbia College,11600 Columbia College Dr,Sonora,California,95370,Rural: Fringe,Micropolitan Statistical Area,-120.388385,38.030367,"1,000 - 4,999",2496,0,1
Columbia College,Sonora,CA,Public,455983,2018,Columbia College,5940 Centreville Crest Lane,Centreville,Virginia,20121,Suburb: Large,Metropolitan Statistical Area,-77.249152,38.928425,"Under 1,000",358,0,0
Columbia College,Sonora,CA,Public,479248,2018,Columbia College,5940 Centreville Crest Lane,Centreville,Virginia,20121,Suburb: Large,Metropolitan Statistical Area,-77.434496,38.838042,"Under 1,000",144,0,0
Napa Valley College,Napa,CA,Public,119331,2018,Napa Valley College,2277 Napa-Vallejo Hwy,Napa,California,94558-6236,City: Small,Metropolitan Statistical Area,-122.274381,38.274081,"5,000 - 9,999",5503,0,0
Moorpark College,Moorpark,CA,Public,119137,2018,Moorpark College,7075 Campus Rd,Moorpark,California,93021-1695,Suburb: Midsize,Metropolitan Statistical Area,-118.834528,34.301146,"10,000 - 19,999",14357,0,0
Solano Community College,Fairfield,CA,Public,123563,2018,Solano Community College,4000 Suisun Valley Rd,Fairfield,California,94534-3197,Suburb: Midsize,Metropolitan Statistical Area,-122.122368,38.235881,"5,000 - 9,999",9378,0,0
Skyline College,San Bruno,CA,Public,123509,2018,Skyline College,3300 College Dr,San Bruno,California,94066-1698,Suburb: Large,Metropolitan Statistical Area,-122.467335,37.63042,"5,000 - 9,999",9014,0,0
College of the Siskiyous,Weed,CA,Public,123484,2018,College of the Siskiyous,800 College Ave,Weed,California,96094-2899,Town: Remote,Not applicable,-122.38909,41.413005,"1,000 - 4,999",1677,0,0
Pasadena City College,Pasadena,CA,Public,121044,2018,Pasadena City College,1570 E Colorado Blvd.,Pasadena,California,91106-2003,City: Midsize,Metropolitan Statistical Area,-118.118196,34.144552,"20,000 and above",26862,0,0
Fresno City College,Fresno City College,CA,Public,114789,2018,Fresno City College,1101 E. University Ave,Fresno,California,93741,City: Large,Metropolitan Statistical Area,-119.796096,36.768164,"20,000 and above",24366,0,0
Long Beach City College,Long Beach,CA,Public,117645,2018,Long Beach City College,4901 E. Carson St.,Long Beach,California,90808-1706,City: Large,Metropolitan Statistical Area,-118.135633,33.833593,"20,000 and above",23845,0,0
San Diego Miramar College,San Diego,CA,Public,122384,2018,San Diego Miramar College,10440 Black Mountain Rd,San Diego,California,92126-2999,City: Large,Metropolitan Statistical Area,-117.120261,32.909757,"10,000 - 19,999",15893,0,0
West Valley College,Saratoga,CA,Public,125499,2018,West Valley College,14000 Fruitvale Ave,Saratoga,California,95070-5698,Suburb: Large,Metropolitan Statistical Area,-122.008324,37.26398,"5,000 - 9,999",7823,0,0
Palomar College,San Marcos,CA,Public,120971,2018,Palomar College,1140 W. Mission,San Marcos,California,92069-1487,Suburb: Large,Metropolitan Statistical Area,-117.183978,33.149483,"20,000 and above",23917,0,0
Fullerton College,Fullerton,CA,Public,114859,2018,Fullerton College,321 E Chapman Avenue,Fullerton,California,92832-2095,Suburb: Large,Metropolitan Statistical Area,-117.918255,33.875514,"20,000 and above",22644,0,0
San Diego City College,San Diego,CA,Public,122339,2018,San Diego City College,1313 Park Boulevard,San Diego,California,92101-4787,City: Large,Metropolitan Statistical Area,-117.152733,32.717403,"10,000 - 19,999",15066,0,0
Los Medanos College,Pittsburg,CA,Public,117894,2018,Los Medanos College,2700 East Leland Road,Pittsburg,California,94565,Suburb: Large,Metropolitan Statistical Area,-121.860967,38.006474,"5,000 - 9,999",9747,0,0
Sierra College,Rocklin,CA,Public,123341,2018,Sierra College,5100 Sierra College Blvd,Rocklin,California,95677-3397,Suburb: Large,Metropolitan Statistical Area,-121.211688,38.790773,"10,000 - 19,999",18314,0,0
Glendale Community College,Glendale,CA,Public,104708,2018,Glendale Community College,6000 W Olive Ave,Glendale,Arizona,85302,Suburb: Large,Metropolitan Statistical Area,-112.190735,33.570226,"10,000 - 19,999",17942,0,0
Glendale Community College,Glendale,CA,Public,115001,2018,Glendale Community College,1500 N Verdugo Rd,Glendale,California,91208-2894,City: Midsize,Metropolitan Statistical Area,-118.227666,34.16745,"10,000 - 19,999",13892,0,0
College of Marin,Kentfield,CA,Public,118347,2018,College of Marin,835 College Ave,Kentfield,California,94904-2590,Suburb: Large,Metropolitan Statistical Area,-122.549149,37.954897,"5,000 - 9,999",5026,0,0
Butte College,Oroville,CA,Public,110246,2018,Butte College,3536 Butte Campus Drive,Oroville,California,95965-8399,Rural: Distant,Metropolitan Statistical Area,-121.644831,39.649782,"10,000 - 19,999",10872,1,1
Los Angeles City College,Los Angeles,CA,Public,117788,2018,Los Angeles City College,855 N Vermont Ave,Los Angeles,California,90029,City: Large,Metropolitan Statistical Area,-118.292169,34.087301,"10,000 - 19,999",13909,0,0
College of the Redwoods,Eureka,CA,Public,121707,2018,College of the Redwoods,7351 Tompkins Hill Rd,Eureka,California,95501-9300,Rural: Fringe,Micropolitan Statistical Area,-124.195293,40.698427,"1,000 - 4,999",4572,0,1
Shasta College,Redding,CA,Public,123299,2018,Shasta College,11555 Old Oregon Trail,Redding,California,96003,Suburb: Midsize,Metropolitan Statistical Area,-122.317982,40.625731,"5,000 - 9,999",9105,0,0
Ventura College,Ventura,CA,Public,125028,2018,Ventura College,4667 Telegraph Rd,Ventura,California,93003-3872,City: Midsize,Metropolitan Statistical Area,-119.230604,34.277393,"10,000 - 19,999",13312,0,0
Cypress College,Cypress,CA,Public,113236,2018,Cypress College,9200 Valley View,Cypress,California,90630-5897,Suburb: Large,Metropolitan Statistical Area,-118.025143,33.82833,"10,000 - 19,999",15794,0,0
Lake Tahoe Community College,South Lake Tahoe,CA,Public,117195,2018,Lake Tahoe Community College,One College Drive,South Lake Tahoe,California,96150,Rural: Fringe,Metropolitan Statistical Area,-119.972574,38.926797,"1,000 - 4,999",2404,0,1
Evergreen Valley College,San Jose,CA,Public,114266,2018,Evergreen Valley College,3095 Yerba Buena Rd,San Jose,California,95135-1598,City: Large,Metropolitan Statistical Area,-121.76561,37.30167,"5,000 - 9,999",9598,0,0
Oxnard College,Oxnard,CA,Public,120421,2018,Oxnard College,4000 S Rose Ave,Oxnard,California,93033-6699,City: Midsize,Metropolitan Statistical Area,-119.157604,34.166104,"5,000 - 9,999",7418,0,0
Berkeley City College,Berkeley,CA,Public,125170,2018,Berkeley City College,2050 Center Sreet,Berkeley,California,94704,City: Midsize,Metropolitan Statistical Area,-122.269877,37.869769,"5,000 - 9,999",6053,0,0
Los Angeles Mission College,Sylmar,CA,Public,117867,2018,Los Angeles Mission College,13356 Eldridge Avenue,Sylmar,California,91342-3200,City: Large,Metropolitan Statistical Area,-118.4195,34.314668,"5,000 - 9,999",9882,0,0
Coastline Community College,Fountain Valley,CA,Public,112385,2018,Coastline Community College,11460 Warner Ave.,Fountain Valley,California,92708-2597,City: Small,Metropolitan Statistical Area,-117.929143,33.715634,"10,000 - 19,999",10977,0,0
Mission College,Santa Clara,CA,Public,118930,2018,Mission College,3000 Mission College Blvd,Santa Clara,California,95054-1897,City: Midsize,Metropolitan Statistical Area,-121.980783,37.391935,"5,000 - 9,999",7780,0,0
City College of San Francisco,San Francisco,CA,Public,112190,2018,City College of San Francisco,50 Phelan Ave,San Francisco,California,94112-1898,City: Large,Metropolitan Statistical Area,-122.451155,37.725953,"20,000 and above",27008,0,0
Cuyamaca College,El Cajon,CA,Public,113218,2018,Cuyamaca College,900 Rancho San Diego Pky,El Cajon,California,92019,Suburb: Large,Metropolitan Statistical Area,-116.943507,32.744954,"5,000 - 9,999",8824,0,0
Saddleback College,Mission Viejo,CA,Public,122205,2018,Saddleback College,28000 Marguerite Pky,Mission Viejo,California,92692-3635,Suburb: Large,Metropolitan Statistical Area,-117.665584,33.553346,"10,000 - 19,999",19421,0,0
Irvine Valley College,Irvine,CA,Public,116439,2018,Irvine Valley College,5500 Irvine Center Drive,Irvine,California,92618-0301,City: Large,Metropolitan Statistical Area,-117.777539,33.675381,"10,000 - 19,999",13052,0,0
Las Positas College,Livermore,CA,Public,366401,2018,Las Positas College,3000 Campus Hill Drive,Livermore,California,94551-7650,Suburb: Small,Metropolitan Statistical Area,-121.80058,37.710873,"5,000 - 9,999",8978,0,0
Chabot College,Hayward,CA,Public,111920,2018,Chabot College,25555 Hesperian Blvd,Hayward,California,94545,City: Midsize,Metropolitan Statistical Area,-122.105636,37.642458,"10,000 - 19,999",13833,0,0
Santiago Canyon College,Orange,CA,Public,399212,2018,Santiago Canyon College,8045 E Chapman,Orange,California,92869-4512,City: Midsize,Metropolitan Statistical Area,-117.766762,33.795449,"10,000 - 19,999",11373,0,0
Norco College,Norco,CA,Public,460464,2018,Norco College,2001 Third St,Norco,California,92860,Suburb: Large,Metropolitan Statistical Area,-117.570212,33.917387,"10,000 - 19,999",10875,0,0
Moreno Valley College,Moreno Valley,CA,Public,460394,2018,Moreno Valley College,16130 Lasselle St,Moreno Valley,California,92551,Suburb: Large,Metropolitan Statistical Area,-117.20271,33.88744,"10,000 - 19,999",10074,0,0
Woodland Community College,Woodland,CA,Public,455512,2018,Woodland Community College,2300 E Gibson Rd,Woodland,California,95776,Suburb: Small,Metropolitan Statistical Area,-121.73533,38.660392,"1,000 - 4,999",3666,0,0
Santa Ana College,Santa Ana,CA,Public,121619,2018,Santa Ana College,1530 W. 17th Street,Santa Ana,California,92706-3398,City: Large,Metropolitan Statistical Area,-117.887558,33.759309,"20,000 and above",28425,0,0
MTI College,Sacramento,CA,Proprietary,118198,2018,MTI College,5221 Madison Avenue,Sacramento,California,95841-9817,Suburb: Large,Metropolitan Statistical Area,-121.342568,38.661377,"Under 1,000",787,0,0
Folsom Lake College,Folsom,CA,Public,444219,2018,Folsom Lake College,10 College Parkway,Folsom,California,95630,City: Small,Metropolitan Statistical Area,-121.127486,38.661372,"5,000 - 9,999",8575,0,0
Riverside City College,Riverside,CA,Public,121901,2018,Riverside City College,4800 Magnolia Avenue,Riverside,California,92506,City: Large,Metropolitan Statistical Area,-117.384323,33.970918,"20,000 and above",21292,0,0
Yuba College,Marysville,CA,Public,126119,2018,Yuba College,2088 N Beale Rd,Marysville,California,95901,Suburb: Midsize,Metropolitan Statistical Area,-121.53964,39.126536,"5,000 - 9,999",5934,0,0
Clovis Community College,Fresno,CA,Public,187639,2018,Clovis Community College,417 Schepps Blvd,Clovis,New Mexico,88101-8381,Town: Remote,Micropolitan Statistical Area,-103.165886,34.402483,"1,000 - 4,999",3107,0,0
Clovis Community College,Fresno,CA,Public,489201,2018,Clovis Community College,10309 North Willow Avenue,Fresno,California,93730,City: Large,Metropolitan Statistical Area,-119.731261,36.88686,"5,000 - 9,999",7765,0,0
Otero Junior College,La Junta,CO,Public,127778,2018,Otero Junior College,1802 Colorado Ave,La Junta,Colorado,81050,Town: Remote,Not applicable,-103.544874,37.969984,"1,000 - 4,999",1262,0,0
Lamar Community College,Lamar,CO,Public,127389,2018,Lamar Community College,2401 S Main St,Lamar,Colorado,81052-3999,Town: Remote,Not applicable,-102.616144,38.068886,"Under 1,000",754,0,0
Morgan Community College,Fort Morgan,CO,Public,127617,2018,Morgan Community College,920 Barlow Road,Fort  Morgan,Colorado,80701,Town: Remote,Micropolitan Statistical Area,-103.771822,40.258792,"1,000 - 4,999",1228,0,0
Northeastern Junior College,Sterling,CO,Public,127732,2018,Northeastern Junior College,100 College Avenue,Sterling,Colorado,80751-2944,Town: Remote,Micropolitan Statistical Area,-103.197329,40.637215,"1,000 - 4,999",1492,0,0
Pikes Peak Community College,Colorado Springs,CO,Public,127820,2018,Pikes Peak Community College,5675 S Academy Blvd,Colorado Springs,Colorado,80906-5498,Suburb: Large,Metropolitan Statistical Area,-104.787261,38.764287,"10,000 - 19,999",13204,0,0
Red Rocks Community College,Lakewood,CO,Public,127909,2018,Red Rocks Community College,13300 W Sixth Ave,Lakewood,Colorado,80228-1255,City: Midsize,Metropolitan Statistical Area,-105.150094,39.720277,"5,000 - 9,999",7384,0,0
Front Range Community College,Westminster,CO,Public,127200,2018,Front Range Community College,3645 W 112th Ave,Westminster,Colorado,80031,Suburb: Large,Metropolitan Statistical Area,-105.038068,39.901452,"10,000 - 19,999",18880,0,0
Community College of Denver,Denver,CO,Public,126942,2018,Community College of Denver,1111 W. Colfax Ave.,Denver,Colorado,80204-2026,City: Large,Metropolitan Statistical Area,-105.001044,39.741413,"5,000 - 9,999",7887,0,0
Colorado Northwestern Community College,Rangely,CO,Public,126748,2018,Colorado Northwestern Community College,500 Kennedy Drive,Rangely,Colorado,81648-3598,Rural: Remote,Not applicable,-108.790048,40.081112,"1,000 - 4,999",1154,1,1
Trinidad State Junior College,Trinidad,CO,Public,128258,2018,Trinidad State Junior College,600 Prospect Street,Trinidad,Colorado,81082,Town: Remote,Not applicable,-104.513451,37.172059,"1,000 - 4,999",1542,0,0
Arapahoe Community College,Littleton,CO,Public,126289,2018,Arapahoe Community College,5900 S. Santa Fe Dr.,Littleton,Colorado,80160-9002,Suburb: Large,Metropolitan Statistical Area,-105.018631,39.607505,"10,000 - 19,999",11544,0,0
Aims Community College,Greeley,CO,Public,126207,2018,Aims Community College,5401 W. 20th St.,Greeley,Colorado,80634,City: Midsize,Metropolitan Statistical Area,-104.763415,40.409559,"5,000 - 9,999",6250,0,0
Pueblo Community College,Pueblo,CO,Public,127884,2018,Pueblo Community College,900 West Orman Avenue,Pueblo,Colorado,81004-1499,City: Midsize,Metropolitan Statistical Area,-104.636258,38.262124,"5,000 - 9,999",6197,0,0
Community College of Aurora,Aurora,CO,Public,126863,2018,Community College of Aurora,16000 E CentreTech Pky,Aurora,Colorado,80011-9036,City: Large,Metropolitan Statistical Area,-104.802673,39.71788,"5,000 - 9,999",7981,0,0
Housatonic Community College,Bridgeport,CT,Public,129543,2018,Housatonic Community College,900 Lafayette Blvd,Bridgeport,Connecticut,06604-4704,City: Midsize,Metropolitan Statistical Area,-73.191003,41.175228,"5,000 - 9,999",5012,0,0
Northwestern Connecticut Community College,Winsted,CT,Public,130040,2018,Northwestern Connecticut Community College,Park Pl E,Winsted,Connecticut,6098,Town: Fringe,Micropolitan Statistical Area,-73.058734,41.920668,"1,000 - 4,999",1299,0,0
Naugatuck Valley Community College,Waterbury,CT,Public,129729,2018,Naugatuck Valley Community College,750 Chase Parkway,Waterbury,Connecticut,06708-3089,Suburb: Midsize,Metropolitan Statistical Area,-73.072963,41.549749,"5,000 - 9,999",6237,0,0
Gateway Community College,New Haven,CT,Public,130396,2018,Gateway Community College,20 Church Street,New Haven,Connecticut,6510,City: Midsize,Metropolitan Statistical Area,-72.927682,41.303785,"5,000 - 9,999",7016,0,0
Middlesex Community College,Middletown,CT,Public,129756,2018,Middlesex Community College,100 Training Hill Rd,Middletown,Connecticut,06457-4829,City: Small,Metropolitan Statistical Area,-72.611838,41.539516,"1,000 - 4,999",2547,0,0
Middlesex Community College,Middletown,CT,Public,166887,2018,Middlesex Community College,Springs Rd,Bedford,Massachusetts,01730-9124,Suburb: Large,Metropolitan Statistical Area,-71.274931,42.524328,"5,000 - 9,999",8090,0,0
Tunxis Community College,Farmington,CT,Public,130606,2018,Tunxis Community College,271 Scott Swamp Road,Farmington,Connecticut,06032-3187,Suburb: Large,Metropolitan Statistical Area,-72.87754,41.705498,"1,000 - 4,999",3902,0,0
Quinebaug Valley Community College,Danielson,CT,Public,130217,2018,Quinebaug Valley Community College,742 Upper Maple St,Danielson,Connecticut,06239-1436,Suburb: Large,Metropolitan Statistical Area,-71.889673,41.82623,"1,000 - 4,999",1335,0,0
Asnuntuck Community College,Enfield,CT,Public,128577,2018,Asnuntuck Community College,170 Elm St,Enfield,Connecticut,6082,Suburb: Large,Metropolitan Statistical Area,-72.570177,41.998409,"1,000 - 4,999",1858,0,0
Norwalk Community College,Norwalk,CT,Public,130004,2018,Norwalk Community College,188 Richards Avenue,Norwalk,Connecticut,6854,City: Small,Metropolitan Statistical Area,-73.450965,41.102574,"5,000 - 9,999",5413,0,0
Manchester Community College,Manchester,CT,Public,129695,2018,Manchester Community College,Great Path,Manchester,Connecticut,6040,Suburb: Large,Metropolitan Statistical Area,-72.561939,41.761625,"5,000 - 9,999",6003,0,0
Manchester Community College,Manchester,CT,Public,183132,2018,Manchester Community College,1066 Front St,Manchester,New Hampshire,03102-8518,City: Midsize,Metropolitan Statistical Area,-71.483534,43.019823,"1,000 - 4,999",2574,0,0
Capital Community College,Hartford,CT,Public,129367,2018,Capital Community College,950 Main Street,Hartford,Connecticut,6103,City: Midsize,Metropolitan Statistical Area,-72.672734,41.768397,"1,000 - 4,999",3290,0,0
Tallahassee Community College,Tallahassee,FL,Public,137759,2018,Tallahassee Community College,444 Appleyard Dr,Tallahassee,Florida,32304-2895,City: Midsize,Metropolitan Statistical Area,-84.339,30.443866,"10,000 - 19,999",11914,0,0
Lake-Sumter State College,Leesburg,FL,Public,135188,2018,Lake-Sumter State College,9501 US Hwy 441,Leesburg,Florida,34788-8751,Suburb: Midsize,Metropolitan Statistical Area,-81.797193,28.828649,"1,000 - 4,999",4812,0,0
Gulf Coast State College,Panama City,FL,Public,134343,2018,Gulf Coast State College,5230 West U.S. Highway 98,Panama City,Florida,32401,City: Small,Metropolitan Statistical Area,-85.727918,30.185542,"5,000 - 9,999",5644,0,0
Pensacola State College,Pensacola,FL,Public,136473,2018,Pensacola State College,1000 College Blvd,Pensacola,Florida,32504-8998,City: Small,Metropolitan Statistical Area,-87.200265,30.479267,"5,000 - 9,999",9773,0,0
Seminole State College of Florida,Sanford,FL,Public,137209,2018,Seminole State College of Florida,100 Weldon Blvd,Sanford,Florida,32773-6199,City: Small,Metropolitan Statistical Area,-81.308003,28.745482,"10,000 - 19,999",18104,0,0
Santa Fe College,Gainesville,FL,Public,137096,2018,Santa Fe College,3000 Northwest 83rd Street,Gainesville,Florida,32606-6210,Suburb: Midsize,Metropolitan Statistical Area,-82.433143,29.681037,"10,000 - 19,999",14324,0,0
Valencia College,Orlando,FL,Public,138187,2018,Valencia College,1768 Park Center Drive,Orlando,Florida,32835,City: Large,Metropolitan Statistical Area,-81.471466,28.520898,"20,000 and above",46521,0,0
Eastern Florida State College,Cocoa,FL,Public,132693,2018,Eastern Florida State College,1519 Clearlake Rd,Cocoa,Florida,32922,Suburb: Large,Metropolitan Statistical Area,-80.756474,28.38361,"10,000 - 19,999",15820,0,0
North Florida Community College,Madison,FL,Public,136145,2018,North Florida Community College,325 NW Turner Davis Dr,Madison,Florida,32340,Rural: Fringe,Not applicable,-83.420732,30.473841,"1,000 - 4,999",1229,0,1
Broward College,Fort Lauderdale,FL,Public,132709,2018,Broward College,111 East Las Olas Blvd,Fort Lauderdale,Florida,33301,City: Midsize,Metropolitan Statistical Area,-80.14183,26.119422,"20,000 and above",40784,0,0
Pasco-Hernando State College,New Port Richey,FL,Public,136400,2018,Pasco-Hernando State College,10230 Ridge Road,New Port Richey,Florida,34654-5199,Suburb: Large,Metropolitan Statistical Area,-82.646727,28.2751,"10,000 - 19,999",11525,0,0
Palm Beach State College,Lake Worth,FL,Public,136358,2018,Palm Beach State College,4200 Congress Ave,Lake Worth,Florida,33461-4796,Suburb: Large,Metropolitan Statistical Area,-80.08653,26.61256,"20,000 and above",31816,0,0
Florida Gateway College,Lake City,FL,Public,135160,2018,Florida Gateway College,Highway 90 East,Lake City,Florida,32025-2007,Town: Distant,Micropolitan Statistical Area,-82.5679,30.175298,"1,000 - 4,999",3385,0,0
Hillsborough Community College,Tampa,FL,Public,134495,2018,Hillsborough Community College,39 Columbia Drive,Tampa,Florida,33606-3584,City: Large,Metropolitan Statistical Area,-82.456253,27.934888,"20,000 and above",23183,0,0
South Florida State College,Avon Park,FL,Public,137315,2018,South Florida State College,600 W College Dr,Avon Park,Florida,33825-9356,Rural: Fringe,Metropolitan Statistical Area,-81.508667,27.56974,"1,000 - 4,999",2910,0,1
Florida Keys Community College,Key West,FL,Public,133960,2018,Florida Keys Community College,5901 College Rd,Key West,Florida,33040,Town: Remote,Micropolitan Statistical Area,-81.74446,24.582748,"Under 1,000",862,0,0
Georgia Military College,Milledgeville,GA,"Private, not-for-profit",485111,2018,Georgia Military College,201 E Greene St,Milledgeville,Georgia,31061,Town: Distant,Micropolitan Statistical Area,-83.224211,33.07944,"5,000 - 9,999",8812,0,0
Georgia Highlands College,Rome,GA,Public,139700,2018,Georgia Highlands College,"3175 Cedartown Highway, S.E.",Rome,Georgia,30161-3897,Rural: Fringe,Metropolitan Statistical Area,-85.207356,34.169791,"5,000 - 9,999",6184,0,1
East Georgia State College,Swainsboro,GA,Public,139621,2018,East Georgia State College,131 College Cir,Swainsboro,Georgia,30401,Town: Remote,Not applicable,-82.309021,32.594944,"1,000 - 4,999",2942,0,0
Andrew College,Cuthbert,GA,"Private, not-for-profit",138761,2018,Andrew College,501College St,Cuthbert,Georgia,39840-5550,Town: Distant,Not applicable,-84.795021,31.772321,"Under 1,000",293,0,0
Chattahoochee Technical College,Marietta,GA,Public,140331,2018,Chattahoochee Technical College,980 S Cobb Drive Dr SE,Marietta,Georgia,30060,Suburb: Large,Metropolitan Statistical Area,-84.553722,33.929092,"10,000 - 19,999",10483,0,0
Savannah Technical College,Savannah,GA,Public,140942,2018,Savannah Technical College,5717 White Bluff Rd,Savannah,Georgia,31405-5594,City: Midsize,Metropolitan Statistical Area,-81.114753,32.023211,"1,000 - 4,999",3817,0,0
Georgia Piedmont Technical College,Clarkston,GA,Public,244446,2018,Georgia Piedmont Technical College,495 N Indian Creek Dr,Clarkston,Georgia,30021-2397,Suburb: Large,Metropolitan Statistical Area,-84.234504,33.789898,"1,000 - 4,999",3374,0,0
Athens Technical College,Athens,GA,Public,246813,2018,Athens Technical College,800 U.S. Hwy 29 North,Athens,Georgia,30601,City: Midsize,Metropolitan Statistical Area,-83.339598,33.990183,"1,000 - 4,999",4567,0,0
Augusta Technical College,Augusta,GA,Public,138956,2018,Augusta Technical College,3200 Augusta Tech Drive,Augusta,Georgia,30906,City: Midsize,Metropolitan Statistical Area,-82.048439,33.418992,"1,000 - 4,999",4409,0,0
Columbus Technical College,Columbus,GA,Public,139357,2018,Columbus Technical College,928 Manchester Expy,Columbus,Georgia,31904-6572,City: Midsize,Metropolitan Statistical Area,-84.978551,32.508076,"1,000 - 4,999",3301,0,0
Ogeechee Technical College,Statesboro,GA,Public,366465,2018,Ogeechee Technical College,One Joseph E. Kennedy Blvd,Statesboro,Georgia,30458,Town: Distant,Micropolitan Statistical Area,-81.818517,32.395767,"1,000 - 4,999",2014,0,0
Gwinnett Technical College,Lawrenceville,GA,Public,140012,2018,Gwinnett Technical College,5150 Sugarloaf Parkway,Lawrenceville,Georgia,30043-5702,Suburb: Large,Metropolitan Statistical Area,-84.066224,33.962763,"5,000 - 9,999",9124,0,0
Georgia Northwestern Technical College,Rome,GA,Public,139384,2018,Georgia Northwestern Technical College,One Maurice Culberson Drive,Rome,Georgia,30161,City: Small,Metropolitan Statistical Area,-85.171361,34.224673,"5,000 - 9,999",5837,0,0
North Georgia Technical College,Clarkesville,GA,Public,140678,2018,North Georgia Technical College,1500 Georgia Hwy 197 N,Clarkesville,Georgia,30523,Rural: Fringe,Micropolitan Statistical Area,-83.530118,34.639721,"1,000 - 4,999",2612,0,1
Southern Crescent Technical College,Griffin,GA,Public,139986,2018,Southern Crescent Technical College,501 Varsity Rd,Griffin,Georgia,30223-2042,Suburb: Large,Metropolitan Statistical Area,-84.291662,33.255438,"1,000 - 4,999",4905,0,0
Albany Technical College,Albany,GA,Public,138682,2018,Albany Technical College,1704 South Slappey Boulevard,Albany,Georgia,31701,City: Small,Metropolitan Statistical Area,-84.174284,31.55434,"1,000 - 4,999",3181,0,0
Central Georgia Technical College,Warner Robins,GA,Public,483045,2018,Central Georgia Technical College,80 Cohen Walker Drive,Warner Robins,Georgia,31088,City: Small,Metropolitan Statistical Area,-83.66765,32.545341,"5,000 - 9,999",8219,0,0
Coastal Pines Technical College,Waycross,GA,Public,485458,2018,Coastal Pines Technical College,1701 Carswell Ave,Waycross,Georgia,31503,Town: Remote,Micropolitan Statistical Area,-82.3821,31.212781,"1,000 - 4,999",3467,0,0
South Georgia Technical College,Americus,GA,Public,141006,2018,South Georgia Technical College,900 South GA Tech Parkway,Americus,Georgia,31709,Rural: Fringe,Micropolitan Statistical Area,-84.188321,32.116663,"1,000 - 4,999",2083,0,1
Wiregrass Georgia Technical College,Valdosta,GA,Public,141255,2018,Wiregrass Georgia Technical College,4089 Val Tech Rd,Valdosta,Georgia,31602-0929,Suburb: Small,Metropolitan Statistical Area,-83.35381,30.889221,"1,000 - 4,999",4773,0,0
Lanier Technical College,Gainesville,GA,Public,140243,2018,Lanier Technical College,2535 Lanier Tech Drive,Gainesville,Georgia,30507,Rural: Fringe,Metropolitan Statistical Area,-83.777358,34.330178,"1,000 - 4,999",4051,0,1
Southeastern Technical College,Vidalia,GA,Public,368911,2018,Southeastern Technical College,3001 E First St,Vidalia,Georgia,30474,Town: Remote,Micropolitan Statistical Area,-82.365827,32.20393,"1,000 - 4,999",1817,0,0
Southern Regional Technical College,Thomasville,GA,Public,487162,2018,Southern Regional Technical College,15689 US Hwy 19 North,Thomasville,Georgia,31792,Town: Distant,Micropolitan Statistical Area,-83.9514,30.863799,"1,000 - 4,999",4637,0,0
Atlanta Technical College,Atlanta,GA,Public,138840,2018,Atlanta Technical College,1560 Metropolitan Pkwy SW,Atlanta,Georgia,30310-4446,City: Large,Metropolitan Statistical Area,-84.404995,33.712009,"1,000 - 4,999",3562,0,0
West Georgia Technical College,Waco,GA,Public,139278,2018,West Georgia Technical College,176 Murphy Campus Blvd.,Waco,Georgia,30182,Rural: Fringe,Metropolitan Statistical Area,-85.183666,33.691657,"5,000 - 9,999",7184,0,1
Oconee Fall Line Technical College,Sandersville,GA,Public,420431,2018,Oconee Fall Line Technical College,1189 Deepstep Rd,Sandersville,Georgia,31082,Rural: Fringe,Not applicable,-82.839621,32.996687,"1,000 - 4,999",1428,0,1
Guam Community College,Barrigada,GU,Public,240745,2018,Guam Community College,1 Sesame Street,Mangilao,Guam,96913,Town: Remote,Not applicable,144.808944,13.440649,"1,000 - 4,999",2082,0,0
Windward Community College,Kane'ohe,HI,Public,141990,2018,Windward Community College,45-720 Keaahala Rd,Kaneohe,Hawaii,96744-3528,Suburb: Midsize,Metropolitan Statistical Area,-157.813307,21.407051,"1,000 - 4,999",2460,0,0
Honolulu Community College,Honolulu,HI,Public,141680,2018,Honolulu Community College,874 Dillingham Blvd,Honolulu,Hawaii,96817-4505,City: Large,Metropolitan Statistical Area,-157.87,21.321785,"1,000 - 4,999",3541,0,0
Leeward Community College,Pearl City,HI,Public,141811,2018,Leeward Community College,96-045 Ala Ike,Pearl City,Hawaii,96782-3366,Suburb: Large,Metropolitan Statistical Area,-157.983771,21.39267,"5,000 - 9,999",6709,0,0
Kirkwood Community College,Cedar Rapids,IA,Public,153737,2018,Kirkwood Community College,6301 Kirkwood Blvd SW,Cedar Rapids,Iowa,52406-2068,City: Midsize,Metropolitan Statistical Area,-91.651172,41.911268,"10,000 - 19,999",13906,0,0
North Iowa Area Community College,Mason City,IA,Public,154059,2018,North Iowa Area Community College,500 College Dr,Mason City,Iowa,50401,Town: Remote,Micropolitan Statistical Area,-93.13126,43.157169,"1,000 - 4,999",2995,0,0
Southwestern Community College,Creston,IA,Public,154396,2018,Southwestern Community College,1501 West Townline Street,Creston,Iowa,50801,Town: Remote,Not applicable,-94.380906,41.073437,"1,000 - 4,999",1547,0,0
Southwestern Community College,Creston,IA,Public,199731,2018,Southwestern Community College,447 College Drive,Sylva,North Carolina,28779,Town: Distant,Micropolitan Statistical Area,-83.207129,35.348575,"1,000 - 4,999",2366,0,0
Des Moines Area Community College,Ankeny,IA,Public,153214,2018,Des Moines Area Community College,2006 Ankeny Blvd,Ankeny,Iowa,50023-3993,Suburb: Large,Metropolitan Statistical Area,-93.611597,41.707348,"20,000 and above",23474,0,0
Iowa Lakes Community College,Estherville,IA,Public,153533,2018,Iowa Lakes Community College,19 S 7th St,Estherville,Iowa,51334-2295,Town: Remote,Not applicable,-94.817142,43.397996,"1,000 - 4,999",2051,0,0
Hawkeye Community College,Waterloo,IA,Public,153445,2018,Hawkeye Community College,1501 E Orange Rd,Waterloo,Iowa,50701,City: Small,Metropolitan Statistical Area,-92.330633,42.430003,"5,000 - 9,999",5263,0,0
Iowa Central Community College,Fort Dodge,IA,Public,153524,2018,Iowa Central Community College,One Triton Circle,Fort Dodge,Iowa,50501,Town: Remote,Micropolitan Statistical Area,-94.20299,42.490067,"5,000 - 9,999",5390,0,0
Eastern Iowa Community College District,Davenport,IA,Public,153311,2018,Eastern Iowa Community College District,101 W Third Street,Davenport,Iowa,52801-1221,City: Midsize,Metropolitan Statistical Area,-90.574459,41.522179,"5,000 - 9,999",7771,0,0
Northwest Iowa Community College,Sheldon,IA,Public,154129,2018,Northwest Iowa Community College,603 W Park St,Sheldon,Iowa,51201,Rural: Fringe,Not applicable,-95.880639,43.184701,"1,000 - 4,999",1747,0,1
Western Iowa Tech Community College,Sioux City,IA,Public,154572,2018,Western Iowa Tech Community College,4647 Stone Ave,Sioux City,Iowa,51102-5199,City: Small,Metropolitan Statistical Area,-96.348874,42.482953,"5,000 - 9,999",5674,0,0
Iowa Western Community College,Council Bluffs,IA,Public,153630,2018,Iowa Western Community College,2700 College Rd,Council Bluffs,Iowa,51503-1057,City: Small,Metropolitan Statistical Area,-95.797975,41.272168,"5,000 - 9,999",5962,0,0
Indian Hills Community College,Ottumwa,IA,Public,153472,2018,Indian Hills Community College,525 Grandview Ave,Ottumwa,Iowa,52501,Town: Remote,Micropolitan Statistical Area,-92.394736,41.045105,"1,000 - 4,999",3918,0,0
Northeast Iowa Community College,Calmar,IA,Public,154110,2018,Northeast Iowa Community College,1625 Hwy 150,Calmar,Iowa,52132-0400,Rural: Distant,Not applicable,-91.867105,43.17523,"1,000 - 4,999",4449,1,1
Southeastern Community College,West Burlington,IA,Public,154378,2018,Southeastern Community College,1500 West Agency Road,West Burlington,Iowa,52655-0180,Town: Remote,Micropolitan Statistical Area,-91.171881,40.814496,"1,000 - 4,999",2548,0,0
Southeastern Community College,West Burlington,IA,Public,199722,2018,Southeastern Community College,4564 Chadbourn Hwy,Whiteville,North Carolina,28472-5422,Rural: Distant,Not applicable,-78.783365,34.331749,"1,000 - 4,999",1448,1,1
College of Southern Idaho,Twin Falls,ID,Public,142559,2018,College of Southern Idaho,315 Falls Ave.,Twin Falls,Idaho,83301,Town: Remote,Metropolitan Statistical Area,-114.473901,42.579837,"5,000 - 9,999",6906,0,0
North Idaho College,Coeur d'Alene,ID,Public,142443,2018,North Idaho College,1000 West Garden Avenue,Coeur d'Alene,Idaho,83814-2199,City: Small,Metropolitan Statistical Area,-116.798905,47.67569,"5,000 - 9,999",5270,0,0
College of Eastern Idaho,Idaho Falls,ID,Public,142179,2018,College of Eastern Idaho,1600 S 25th E,Idaho Falls,Idaho,83404-5788,City: Small,Metropolitan Statistical Area,-111.985519,43.486041,"1,000 - 4,999",1288,0,0
College of Western Idaho,Nampa,ID,Public,455114,2018,College of Western Idaho,5500 East Opportunity Drive,Nampa,Idaho,83687,Rural: Fringe,Metropolitan Statistical Area,-116.507314,43.614106,"10,000 - 19,999",10277,0,1
Kishwaukee College,Malta,IL,Public,146418,2018,Kishwaukee College,21193 Malta Rd,Malta,Illinois,60150-9699,Rural: Fringe,Metropolitan Statistical Area,-88.880524,41.938234,"1,000 - 4,999",3307,0,1
Sauk Valley Community College,Dixon,IL,Public,148672,2018,Sauk Valley Community College,173 Illinois Rt 2,Dixon,Illinois,61021-9112,Rural: Fringe,Micropolitan Statistical Area,-89.596483,41.817659,"1,000 - 4,999",1628,0,1
Prairie State College,Chicago Heights,IL,Public,148007,2018,Prairie State College,202 South Halsted Street,Chicago Heights,Illinois,60411-8226,Suburb: Large,Metropolitan Statistical Area,-87.638943,41.525316,"1,000 - 4,999",3946,0,0
Rend Lake College,Ina,IL,Public,148256,2018,Rend Lake College,468 N Ken Gray Pkwy,Ina,Illinois,62846,Rural: Distant,Micropolitan Statistical Area,-88.918283,38.131481,"1,000 - 4,999",2486,1,1
Parkland College,Champaign,IL,Public,147916,2018,Parkland College,2400 W Bradley Ave,Champaign,Illinois,61821-1899,City: Small,Metropolitan Statistical Area,-88.290359,40.131963,"5,000 - 9,999",7074,0,0
Triton College,River Grove,IL,Public,149532,2018,Triton College,2000 5th Ave,River Grove,Illinois,60171-1995,Suburb: Large,Metropolitan Statistical Area,-87.841056,41.916082,"10,000 - 19,999",10529,0,0
Oakton Community College,Des Plaines,IL,Public,147800,2018,Oakton Community College,1600 E Golf Rd.,Des Plaines,Illinois,60016-1268,City: Small,Metropolitan Statistical Area,-87.880644,42.061893,"5,000 - 9,999",8454,0,0
Black Hawk College,Moline,IL,Public,143279,2018,Black Hawk College,6600-34th Avenue,Moline,Illinois,61265-5899,City: Small,Metropolitan Statistical Area,-90.447799,41.477283,"1,000 - 4,999",4333,0,0
Kankakee Community College,Kankakee,IL,Public,146348,2018,Kankakee Community College,100 College Drive,Kankakee,Illinois,60901,City: Small,Metropolitan Statistical Area,-87.851047,41.098178,"1,000 - 4,999",2822,0,0
South Suburban College,South Holland,IL,Public,149365,2018,South Suburban College,15800 South State Street,South Holland,Illinois,60473-1200,Suburb: Large,Metropolitan Statistical Area,-87.619123,41.606427,"1,000 - 4,999",4232,0,0
Kaskaskia College,Centralia,IL,Public,146366,2018,Kaskaskia College,27210 College Rd,Centralia,Illinois,62801,Rural: Fringe,Metropolitan Statistical Area,-89.191974,38.562112,"1,000 - 4,999",3164,0,1
Highland Community College,Freeport,IL,Public,145521,2018,Highland Community College,2998 W Pearl City Rd,Freeport,Illinois,61032-9341,Town: Distant,Micropolitan Statistical Area,-89.67342,42.283344,"1,000 - 4,999",1596,0,0
Highland Community College,Freeport,IL,Public,155186,2018,Highland Community College,606 W Main,Highland,Kansas,66035-4165,Rural: Distant,Metropolitan Statistical Area,-95.271539,39.859987,"1,000 - 4,999",3109,1,1
Southwestern Illinois College,Belleville,IL,Public,143215,2018,Southwestern Illinois College,2500 Carlyle Ave,Belleville,Illinois,62221-5899,Suburb: Large,Metropolitan Statistical Area,-89.924466,38.516406,"5,000 - 9,999",8841,0,0
Lake Land College,Mattoon,IL,Public,146506,2018,Lake Land College,5001 Lake Land Blvd,Mattoon,Illinois,61938,Town: Distant,Micropolitan Statistical Area,-88.380835,39.416969,"1,000 - 4,999",4583,0,0
Waubonsee Community College,Sugar Grove,IL,Public,149727,2018,Waubonsee Community College,Rte 47 at Waubonsee Drive,Sugar Grove,Illinois,60554-9454,Rural: Fringe,Metropolitan Statistical Area,-88.459925,41.795955,"5,000 - 9,999",9176,0,1
Rock Valley College,Rockford,IL,Public,148380,2018,Rock Valley College,3301 N Mulford Rd,Rockford,Illinois,61114-5699,City: Midsize,Metropolitan Statistical Area,-88.993544,42.306174,"5,000 - 9,999",6244,0,0
Illinois Valley Community College,Oglesby,IL,Public,145831,2018,Illinois Valley Community College,815 N Orlando Smith Road,Oglesby,Illinois,61348-9692,Rural: Fringe,Micropolitan Statistical Area,-89.100887,41.30744,"1,000 - 4,999",2958,0,1
Moraine Valley Community College,Palos Hills,IL,Public,147378,2018,Moraine Valley Community College,9000 W. College Parkway,Palos Hills,Illinois,60465-0937,Suburb: Large,Metropolitan Statistical Area,-87.836915,41.694613,"10,000 - 19,999",13762,0,0
Spoon River College,Canton,IL,Public,148991,2018,Spoon River College,23235 North County 22,Canton,Illinois,61520-8622,Rural: Fringe,Micropolitan Statistical Area,-90.07233,40.527991,"1,000 - 4,999",1436,0,1
Lincoln Land Community College,Springfield,IL,Public,146685,2018,Lincoln Land Community College,5250 Shepherd Rd,Springfield,Illinois,62794-9256,City: Midsize,Metropolitan Statistical Area,-89.611249,39.721211,"5,000 - 9,999",5565,0,0
Carl Sandburg College,Galesburg,IL,Public,143613,2018,Carl Sandburg College,2400 Tom L. Wilson Boulevard,Galesburg,Illinois,61401,Rural: Fringe,Micropolitan Statistical Area,-90.408203,40.98128,"1,000 - 4,999",1860,0,1
College of Lake County,Grayslake,IL,Public,146472,2018,College of Lake County,19351 W Washington St.,Grayslake,Illinois,60030-1198,Suburb: Large,Metropolitan Statistical Area,-88.012291,42.354164,"10,000 - 19,999",14193,0,0
College of DuPage,Glen Ellyn,IL,Public,144865,2018,College of DuPage,425 Fawell Blvd.,Glen Ellyn,Illinois,60137-6599,Suburb: Large,Metropolitan Statistical Area,-88.071635,41.841577,"20,000 and above",24900,0,0
Richland Community College,Decatur,IL,Public,148292,2018,Richland Community College,One College Park,Decatur,Illinois,62521-8512,City: Small,Metropolitan Statistical Area,-88.894125,39.883887,"1,000 - 4,999",2476,0,0
Joliet Junior College,Joliet,IL,Public,146296,2018,Joliet Junior College,1215 Houbolt Rd,Joliet,Illinois,60431-8938,Suburb: Large,Metropolitan Statistical Area,-88.180985,41.500535,"10,000 - 19,999",14726,0,0
Illinois Central College,East Peoria,IL,Public,145682,2018,Illinois Central College,1 College Drive,East Peoria,Illinois,61635-0001,Suburb: Large,Metropolitan Statistical Area,-89.52485,40.707235,"5,000 - 9,999",8875,0,0
Shawnee Community College,Ullin,IL,Public,148821,2018,Shawnee Community College,8364 Shawnee College Rd,Ullin,Illinois,62992,Rural: Remote,Not applicable,-89.03352,37.270198,"1,000 - 4,999",1125,1,1
William Rainey Harper College,Palatine,IL,Public,149842,2018,William Rainey Harper College,1200 W Algonquin Rd,Palatine,Illinois,60067-7398,Suburb: Large,Metropolitan Statistical Area,-88.072811,42.081829,"10,000 - 19,999",13530,0,0
Danville Area Community College,Danville,IL,Public,144564,2018,Danville Area Community College,2000 E Main St,Danville,Illinois,61832-5118,City: Small,Metropolitan Statistical Area,-87.587884,40.127539,"1,000 - 4,999",2620,0,0
Southeastern Illinois College,Harrisburg,IL,Public,148937,2018,Southeastern Illinois College,3575 College Road,Harrisburg,Illinois,62946,Rural: Distant,Not applicable,-88.436631,37.75174,"1,000 - 4,999",1650,1,1
Morton College,Cicero,IL,Public,147411,2018,Morton College,3801 S Central Ave,Cicero,Illinois,60804-4398,Suburb: Large,Metropolitan Statistical Area,-87.762306,41.824303,"1,000 - 4,999",4351,0,0
Elgin Community College,Elgin,IL,Public,144944,2018,Elgin Community College,1700 Spartan Drive,Elgin,Illinois,60123-7193,City: Midsize,Metropolitan Statistical Area,-88.32194,42.018066,"5,000 - 9,999",9567,0,0
John Wood Community College,Quincy,IL,Public,146278,2018,John Wood Community College,1301 S 48th Street,Quincy,Illinois,62305-8736,Rural: Fringe,Micropolitan Statistical Area,-91.335828,39.913741,"1,000 - 4,999",1924,0,1
McHenry County College,Crystal Lake,IL,Public,147004,2018,McHenry County College,8900 US Hwy 14,Crystal Lake,Illinois,60012-2761,Rural: Fringe,Metropolitan Statistical Area,-88.368956,42.259111,"5,000 - 9,999",7031,0,1
Heartland Community College,Normal,IL,Public,384342,2018,Heartland Community College,1500 West Raab Road,Normal,Illinois,61761-9446,Suburb: Midsize,Metropolitan Statistical Area,-89.014776,40.53301,"5,000 - 9,999",5063,0,0
Fox College,Bedford Park,IL,Proprietary,145239,2018,Fox College,6640 S. Cicero,Bedford Park,Illinois,60638,Suburb: Large,Metropolitan Statistical Area,-87.744728,41.771488,"Under 1,000",443,0,0
Taylor Business Institute,Chicago,IL,Proprietary,149310,2018,Taylor Business Institute,"180 North Wabash Avenue, Fifth Floor",Chicago,Illinois,60601,City: Large,Metropolitan Statistical Area,-87.62671,41.885452,"Under 1,000",115,0,0
Ancilla College,Donaldson,IN,"Private, not-for-profit",150048,2018,Ancilla College,9601 S. Union Road,Donaldson,Indiana,46513-0001,Rural: Distant,Micropolitan Statistical Area,-86.445263,41.337958,"Under 1,000",415,1,1
Ivy Tech Community College,Indianapolis,IN,Public,150987,2018,Ivy Tech Community College,50 W. Fall Creek Parkway N. Drive,Indianapolis,Indiana,46208-5752,City: Large,Metropolitan Statistical Area,-86.158213,39.803753,"20,000 and above",72006,0,0
Vincennes University,Vincennes,IN,Public,152637,2018,Vincennes University,1002 N First St,Vincennes,Indiana,47591,Town: Remote,Micropolitan Statistical Area,-87.519939,38.687766,"10,000 - 19,999",17481,0,0
Kansas City Kansas Community College,Kansas City,KS,Public,155292,2018,Kansas City Kansas Community College,7250 State Ave,Kansas City,Kansas,66112,City: Midsize,Metropolitan Statistical Area,-94.748061,39.121911,"5,000 - 9,999",5885,0,0
Neosho County Community College,Chanute,KS,Public,155566,2018,Neosho County Community College,800 W 14th St,Chanute,Kansas,66720,Town: Remote,Not applicable,-95.464976,37.670672,"1,000 - 4,999",1968,0,0
Dodge City Community College,Dodge City,KS,Public,154998,2018,Dodge City Community College,2501 N 14th Ave,Dodge City,Kansas,67801-2399,Town: Remote,Micropolitan Statistical Area,-100.037481,37.776891,"1,000 - 4,999",1548,0,0
Coffeyville Community College,Coffeyville,KS,Public,154925,2018,Coffeyville Community College,400 W 11th St,Coffeyville,Kansas,67337-5064,Town: Remote,Micropolitan Statistical Area,-95.621374,37.033814,"1,000 - 4,999",1898,0,0
Johnson County Community College,Overland Park,KS,Public,155210,2018,Johnson County Community College,12345 College Blvd,Overland Park,Kansas,66210-1299,City: Midsize,Metropolitan Statistical Area,-94.727798,38.924125,"10,000 - 19,999",18373,0,0
Labette Community College,Parsons,KS,Public,155450,2018,Labette Community College,200 S 14th,Parsons,Kansas,67357-4201,Town: Remote,Micropolitan Statistical Area,-95.255368,37.339062,"1,000 - 4,999",2178,0,0
Highland Community College,Highland,KS,Public,145521,2018,Highland Community College,2998 W Pearl City Rd,Freeport,Illinois,61032-9341,Town: Distant,Micropolitan Statistical Area,-89.67342,42.283344,"1,000 - 4,999",1596,0,0
Highland Community College,Highland,KS,Public,155186,2018,Highland Community College,606 W Main,Highland,Kansas,66035-4165,Rural: Distant,Metropolitan Statistical Area,-95.271539,39.859987,"1,000 - 4,999",3109,1,1
Butler Community College,El Dorado,KS,Public,154800,2018,Butler Community College,901 S Haverhill Rd,El Dorado,Kansas,67042-3280,Town: Distant,Metropolitan Statistical Area,-96.882987,37.806699,"5,000 - 9,999",8374,0,0
Pratt Community College,Pratt,KS,Public,155715,2018,Pratt Community College,348 NE SR 61,Pratt,Kansas,67124,Rural: Fringe,Not applicable,-98.714538,37.654451,"1,000 - 4,999",1234,0,1
Allen County Community College,Iola,KS,Public,154642,2018,Allen County Community College,1801 N Cottonwood,Iola,Kansas,66749,Town: Remote,Not applicable,-95.396377,37.938038,"1,000 - 4,999",2540,0,0
Colby Community College,Colby,KS,Public,154934,2018,Colby Community College,1255 S Range,Colby,Kansas,67701,Town: Remote,Not applicable,-101.052744,39.377601,"1,000 - 4,999",1412,0,0
Barton County Community College,Great Bend,KS,Public,154697,2018,Barton County Community College,245 NE 30th Road,Great Bend,Kansas,67530,Rural: Fringe,Micropolitan Statistical Area,-98.731648,38.403529,"1,000 - 4,999",4237,0,1
Independence Community College,Independence,KS,Public,155201,2018,Independence Community College,1057 West College Avenue,Independence,Kansas,67301-0708,Town: Remote,Micropolitan Statistical Area,-95.720518,37.195614,"Under 1,000",910,0,0
Fort Scott Community College,Fort Scott,KS,Public,155098,2018,Fort Scott Community College,2108 S Horton,Fort Scott,Kansas,66701,Town: Remote,Not applicable,-94.715334,37.816206,"1,000 - 4,999",1868,0,0
Garden City Community College,Garden City,KS,Public,155104,2018,Garden City Community College,801 Campus Dr,Garden City,Kansas,67846-6333,Town: Remote,Micropolitan Statistical Area,-100.848082,37.970151,"1,000 - 4,999",1917,0,0
Hutchinson Community College,Hutchinson,KS,Public,155195,2018,Hutchinson Community College,1300 N Plum St,Hutchinson,Kansas,67501,Town: Distant,Micropolitan Statistical Area,-97.92135,38.068035,"5,000 - 9,999",5574,0,0
Cloud County Community College,Concordia,KS,Public,154907,2018,Cloud County Community College,2221 Campus Dr,Concordia,Kansas,66901-1002,Rural: Fringe,Not applicable,-97.664147,39.554199,"1,000 - 4,999",1839,0,1
North Central Kansas Technical College,Beloit,KS,Public,155593,2018,North Central Kansas Technical College,3033 US Highway 24,Beloit,Kansas,67420,Rural: Fringe,Not applicable,-98.110826,39.482419,"Under 1,000",790,0,1
Manhattan Area Technical College,Manhattan,KS,Public,155487,2018,Manhattan Area Technical College,3136 Dickens Ave,Manhattan,Kansas,66503-2499,City: Small,Metropolitan Statistical Area,-96.615672,39.197774,"Under 1,000",777,0,0
Flint Hills Technical College,Emporia,KS,Public,155052,2018,Flint Hills Technical College,3301 W 18th St,Emporia,Kansas,66801-5957,Town: Remote,Micropolitan Statistical Area,-96.224141,38.41888,"1,000 - 4,999",1425,0,0
Northwest Kansas Technical College,Goodland,KS,Public,155618,2018,Northwest Kansas Technical College,1209 Harrison St,Goodland,Kansas,67735,Town: Remote,Not applicable,-101.70022,39.346424,"Under 1,000",821,0,0
Salina Area Technical College,Salina,KS,Public,155830,2018,Salina Area Technical College,2562 Centennial Road,Salina,Kansas,67401,Town: Remote,Micropolitan Statistical Area,-97.636892,38.793582,"Under 1,000",856,0,0
Somerset Community College,Somerset,KY,Public,157711,2018,Somerset Community College,808 Monticello Street,Somerset,Kentucky,42501-2973,Town: Remote,Micropolitan Statistical Area,-84.617546,37.059599,"5,000 - 9,999",5857,0,0
Henderson Community College,Henderson,KY,Public,156851,2018,Henderson Community College,2660 S Green St,Henderson,Kentucky,42420-4699,Rural: Fringe,Metropolitan Statistical Area,-87.650091,37.797687,"1,000 - 4,999",1586,0,1
Hopkinsville Community College,Hopkinsville,KY,Public,156860,2018,Hopkinsville Community College,720 North Dr.,Hopkinsville,Kentucky,42240,Town: Distant,Metropolitan Statistical Area,-87.488297,36.882654,"1,000 - 4,999",2748,0,0
Madisonville Community College,Madisonville,KY,Public,157304,2018,Madisonville Community College,2000 College Drive,Madisonville,Kentucky,42431,Rural: Fringe,Micropolitan Statistical Area,-87.512137,37.362661,"1,000 - 4,999",3546,0,1
Southern University at Shreveport,Shreveport,LA,Public,160649,2018,Southern University at Shreveport,3050 Martin Luther King Dr,Shreveport,Louisiana,71107,City: Midsize,Metropolitan Statistical Area,-93.834559,32.545632,"1,000 - 4,999",2651,0,0
Bossier Parish Community College,Bossier City,LA,Public,158431,2018,Bossier Parish Community College,6220 East Texas,Bossier City,Louisiana,71111-6922,City: Small,Metropolitan Statistical Area,-93.646881,32.539551,"5,000 - 9,999",6596,0,0
Delgado Community College,New Orleans,LA,Public,158662,2018,Delgado Community College,615 City Park Avenue,New Orleans,Louisiana,70119,City: Large,Metropolitan Statistical Area,-90.103962,29.985149,"10,000 - 19,999",14258,0,0
Nunez Community College,Chalmette,LA,Public,158884,2018,Nunez Community College,3710 Paris Rd,Chalmette,Louisiana,70043,Suburb: Large,Metropolitan Statistical Area,-89.95888,29.95419,"1,000 - 4,999",2371,0,0
Baton Rouge Community College,Baton Rouge,LA,Public,437103,2018,Baton Rouge Community College,201 Community College Drive,Baton Rouge,Louisiana,70806,City: Midsize,Metropolitan Statistical Area,-91.137935,30.448276,"5,000 - 9,999",8242,0,0
South Louisiana Community College,Lafayette,LA,Public,434061,2018,South Louisiana Community College,1101 Bertrand Drive,Lafayette,Louisiana,70506-4109,City: Midsize,Metropolitan Statistical Area,-92.050933,30.218616,"5,000 - 9,999",6092,0,0
River Parishes Community College,Gonzales,LA,Public,436304,2018,River Parishes Community College,925 West Edenborne Parkway,Gonzales,Louisiana,70737,Rural: Fringe,Metropolitan Statistical Area,-90.930804,30.191006,"1,000 - 4,999",3470,0,1
Louisiana Delta Community College,Monroe,LA,Public,483212,2018,Louisiana Delta Community College,7500 Millhaven Rd,Monroe,Louisiana,71203,Rural: Fringe,Metropolitan Statistical Area,-92.032664,32.49637,"1,000 - 4,999",3815,0,1
Cape Cod Community College,West Barnstable,MA,Public,165194,2018,Cape Cod Community College,2240 Iyannough Rd,West Barnstable,Massachusetts,02668-1599,City: Small,Metropolitan Statistical Area,-70.337334,41.691911,"1,000 - 4,999",2996,0,0
Bristol Community College,Fall River,MA,Public,165033,2018,Bristol Community College,777 Elsbree St,Fall River,Massachusetts,02720-7395,Suburb: Large,Metropolitan Statistical Area,-71.119133,41.721994,"5,000 - 9,999",7214,0,0
Berkshire Community College,Pittsfield,MA,Public,164775,2018,Berkshire Community College,1350 West Street,Pittsfield,Massachusetts,01201-5786,Rural: Fringe,Metropolitan Statistical Area,-73.314704,42.45975,"1,000 - 4,999",1696,0,1
Bunker Hill Community College,Boston,MA,Public,165112,2018,Bunker Hill Community College,250 New Rutherford Ave,Boston,Massachusetts,02129-2925,City: Large,Metropolitan Statistical Area,-71.069263,42.374806,"10,000 - 19,999",12522,0,0
Massachusetts Bay Community College,Wellesley Hills,MA,Public,166647,2018,Massachusetts Bay Community College,50 Oakland St,Wellesley Hills,Massachusetts,02481-5399,Suburb: Large,Metropolitan Statistical Area,-71.263821,42.312292,"1,000 - 4,999",4368,0,0
Greenfield Community College,Greenfield,MA,Public,165981,2018,Greenfield Community College,One College Dr,Greenfield,Massachusetts,01301-9739,Town: Distant,Micropolitan Statistical Area,-72.630977,42.599512,"1,000 - 4,999",1822,0,0
Massasoit Community College,Brockton,MA,Public,166823,2018,Massasoit Community College,One Massasoit Boulevard,Brockton,Massachusetts,02302-3996,Suburb: Large,Metropolitan Statistical Area,-70.989799,42.07507,"5,000 - 9,999",6995,0,0
Middlesex Community College,Lowell,MA,Public,129756,2018,Middlesex Community College,100 Training Hill Rd,Middletown,Connecticut,06457-4829,City: Small,Metropolitan Statistical Area,-72.611838,41.539516,"1,000 - 4,999",2547,0,0
Middlesex Community College,Lowell,MA,Public,166887,2018,Middlesex Community College,Springs Rd,Bedford,Massachusetts,01730-9124,Suburb: Large,Metropolitan Statistical Area,-71.274931,42.524328,"5,000 - 9,999",8090,0,0
Holyoke Community College,Holyoke,MA,Public,166133,2018,Holyoke Community College,303 Homestead Ave,Holyoke,Massachusetts,1040,Suburb: Large,Metropolitan Statistical Area,-72.651252,42.194781,"5,000 - 9,999",5206,0,0
Mount Wachusett Community College,Gardner,MA,Public,166957,2018,Mount Wachusett Community College,444 Green St,Gardner,Massachusetts,01440-1000,Rural: Fringe,Metropolitan Statistical Area,-71.984148,42.593142,"1,000 - 4,999",3724,0,1
North Shore Community College,Danvers,MA,Public,167312,2018,North Shore Community College,1 Ferncroft Rd,Danvers,Massachusetts,01923-0840,Suburb: Large,Metropolitan Statistical Area,-70.968044,42.590103,"5,000 - 9,999",5763,0,0
Roxbury Community College,Roxbury Crossing,MA,Public,167631,2018,Roxbury Community College,1234 Columbus Ave,Roxbury Crossing,Massachusetts,02120-3400,City: Large,Metropolitan Statistical Area,-71.09549,42.329249,"1,000 - 4,999",2007,0,0
Springfield Technical Community College,Springfield,MA,Public,167905,2018,Springfield Technical Community College,1 Armory Sq,Springfield,Massachusetts,01105-1296,City: Midsize,Metropolitan Statistical Area,-72.578514,42.108827,"1,000 - 4,999",4921,0,0
Quincy College,Quincy Center,MA,Public,167525,2018,Quincy College,1250 Hancock Street,Quincy,Massachusetts,2169,Suburb: Large,Metropolitan Statistical Area,-71.003476,42.252416,"1,000 - 4,999",3500,0,0
Quinsigamond Community College,Worcester,MA,Public,167534,2018,Quinsigamond Community College,670 West Boylston Street,Worcester,Massachusetts,01606-2092,City: Midsize,Metropolitan Statistical Area,-71.79503,42.31379,"5,000 - 9,999",7263,0,0
Northern Essex Community College,Haverhill,MA,Public,167376,2018,Northern Essex Community College,100 Elliott Street,Haverhill,Massachusetts,01830-2399,Suburb: Large,Metropolitan Statistical Area,-71.04904,42.796634,"5,000 - 9,999",5233,0,0
College of Southern Maryland,La Plata,MD,Public,162122,2018,College of Southern Maryland,8730 Mitchell Rd,La Plata,Maryland,20646-0910,Rural: Fringe,Metropolitan Statistical Area,-77.009245,38.55895,"5,000 - 9,999",6882,0,1
Howard Community College,Columbia,MD,Public,162779,2018,Howard Community College,10901 Little Patuxent Pkwy,Columbia,Maryland,21044-3197,City: Small,Metropolitan Statistical Area,-76.877964,39.213636,"5,000 - 9,999",9211,0,0
Hagerstown Community College,Hagerstown,MD,Public,162690,2018,Hagerstown Community College,11400 Robinwood Dr,Hagerstown,Maryland,21742-6514,Suburb: Midsize,Metropolitan Statistical Area,-77.667379,39.631009,"1,000 - 4,999",4156,0,0
Anne Arundel Community College,Arnold,MD,Public,161767,2018,Anne Arundel Community College,101 College Pky,Arnold,Maryland,21012-1895,Suburb: Large,Metropolitan Statistical Area,-76.512223,39.049813,"10,000 - 19,999",12886,0,0
Cecil College,North East,MD,Public,162104,2018,Cecil College,One Seahawk Drive,North East,Maryland,21901-1999,Rural: Fringe,Metropolitan Statistical Area,-75.955949,39.642225,"1,000 - 4,999",2391,0,1
Prince George's Community College,Largo,MD,Public,163657,2018,Prince George's Community College,301 Largo Rd,Largo,Maryland,20774-2199,Suburb: Large,Metropolitan Statistical Area,-76.824623,38.888689,"10,000 - 19,999",11885,0,0
Frederick Community College,Frederick,MD,Public,162557,2018,Frederick Community College,7932 Opossumtown Pike,Frederick,Maryland,21702-2964,City: Small,Metropolitan Statistical Area,-77.417849,39.452241,"5,000 - 9,999",6000,0,0
Chesapeake College,Wye Mills,MD,Public,162168,2018,Chesapeake College,1000 College Circle,Wye Mills,Maryland,21679-0008,Rural: Distant,Metropolitan Statistical Area,-76.083668,38.952193,"1,000 - 4,999",2081,1,1
Baltimore City Community College,Baltimore,MD,Public,161864,2018,Baltimore City Community College,2901 Liberty Heights Avenue,Baltimore,Maryland,21215-7893,City: Large,Metropolitan Statistical Area,-76.662878,39.319978,"1,000 - 4,999",4523,0,0
Allegany College of Maryland,Cumberland,MD,Public,161688,2018,Allegany College of Maryland,12401 Willowbrook Rd SE,Cumberland,Maryland,21502-2596,City: Small,Metropolitan Statistical Area,-78.730398,39.652152,"1,000 - 4,999",2585,0,0
Garrett College,McHenry,MD,Public,162609,2018,Garrett College,687 Mosser Road,McHenry,Maryland,21541,Rural: Distant,Not applicable,-79.342923,39.560493,"Under 1,000",658,1,1
Harford Community College,Bel Air,MD,Public,162706,2018,Harford Community College,401 Thomas Run Rd,Bel Air,Maryland,21015-1698,Rural: Fringe,Metropolitan Statistical Area,-76.282845,39.56131,"5,000 - 9,999",5865,0,1
Montgomery College,Rockville,MD,Public,163426,2018,Montgomery College,51 Mannakee Street,Rockville,Maryland,20850,City: Small,Metropolitan Statistical Area,-77.15929,39.098656,"20,000 and above",21720,0,0
Wor-Wic Community College,Salisbury,MD,Public,164313,2018,Wor-Wic Community College,32000 Campus Drive,Salisbury,Maryland,21804-7131,Rural: Fringe,Metropolitan Statistical Area,-75.499659,38.373723,"1,000 - 4,999",3024,0,1
Carroll Community College,Westminster,MD,Public,405872,2018,Carroll Community College,1601 Washington Rd,Westminster,Maryland,21157,Rural: Fringe,Metropolitan Statistical Area,-76.991113,39.531805,"1,000 - 4,999",3050,0,1
Community College of Baltimore County,Catonsville,MD,Public,434672,2018,Community College of Baltimore County,7201 Rossville Blvd.,Baltimore,Maryland,21237,Suburb: Large,Metropolitan Statistical Area,-76.48211,39.352647,"10,000 - 19,999",18830,0,0
Eastern Maine Community College,Bangor,ME,Public,161138,2018,Eastern Maine Community College,354 Hogan Rd,Bangor,Maine,4401,City: Small,Metropolitan Statistical Area,-68.74445,44.826048,"1,000 - 4,999",2396,0,0
Northern Maine Community College,Presque Isle,ME,Public,161484,2018,Northern Maine Community College,33 Edgemont Dr,Presque Isle,Maine,04769-2016,Town: Remote,Not applicable,-68.034796,46.694668,"Under 1,000",811,0,0
Southern Maine Community College,South Portland,ME,Public,161545,2018,Southern Maine Community College,2 Fort Road,South Portland,Maine,04106-1698,City: Small,Metropolitan Statistical Area,-70.229182,43.646649,"5,000 - 9,999",5852,0,0
Kennebec Valley Community College,Fairfield,ME,Public,161192,2018,Kennebec Valley Community College,92 Western Ave,Fairfield,Maine,04937-1367,Rural: Fringe,Not applicable,-69.61157,44.594149,"1,000 - 4,999",2473,0,1
Central Maine Community College,Auburn,ME,Public,161077,2018,Central Maine Community College,1250 Turner Street,Auburn,Maine,04210-6498,Rural: Fringe,Metropolitan Statistical Area,-70.235498,44.134346,"1,000 - 4,999",3068,0,1
Washington County Community College,Calais,ME,Public,161581,2018,Washington County Community College,One College Drive,Calais,Maine,4619,Town: Remote,Not applicable,-67.243306,45.165537,"Under 1,000",380,0,0
York County Community College,Wells,ME,Public,420440,2018,York County Community College,112 College Drive,Wells,Maine,4090,Rural: Distant,Metropolitan Statistical Area,-70.590783,43.306797,"1,000 - 4,999",1632,1,1
College of the Marshall Islands,Majuro,MH,Public,376695,2018,College of the Marshall Islands,Oceanside Uliga - PO Box 1258,Majuro,Marshall Islands,96960,{Not available},Not applicable,171.378129,7.102688,"1,000 - 4,999",1119,0,0
Gogebic Community College,Ironwood,MI,Public,169992,2018,Gogebic Community College,E4946 Jackson Rd,Ironwood,Michigan,49938,Rural: Fringe,Not applicable,-90.165592,46.471893,"Under 1,000",996,0,1
Delta College,University Center,MI,Public,169521,2018,Delta College,1961 Delta Road,University Center,Michigan,48710,Rural: Fringe,Metropolitan Statistical Area,-83.985943,43.559491,"5,000 - 9,999",8080,0,1
Henry Ford College,Dearborn,MI,Public,170240,2018,Henry Ford College,5101 Evergreen Rd,Dearborn,Michigan,48128-1495,City: Small,Metropolitan Statistical Area,-83.236056,42.324639,"10,000 - 19,999",12219,0,0
Northwestern Michigan College,Traverse City,MI,Public,171483,2018,Northwestern Michigan College,1701 E Front St,Traverse City,Michigan,49686,Town: Remote,Micropolitan Statistical Area,-85.585517,44.765436,"1,000 - 4,999",3727,0,0
West Shore Community College,Scottville,MI,Public,172671,2018,West Shore Community College,3000 N Stiles Rd,Scottville,Michigan,49454-0277,Rural: Distant,Micropolitan Statistical Area,-86.336122,44.008512,"1,000 - 4,999",1042,1,1
St Clair County Community College,Port Huron,MI,Public,172291,2018,St Clair County Community College,323 Erie Street,Port Huron,Michigan,48061-5015,Suburb: Small,Metropolitan Statistical Area,-82.428717,42.979494,"1,000 - 4,999",3541,0,0
Montcalm Community College,Sidney,MI,Public,171234,2018,Montcalm Community College,2800 College Dr.,Sidney,Michigan,48885-9723,Rural: Distant,Metropolitan Statistical Area,-85.100181,43.253191,"1,000 - 4,999",1667,1,1
Monroe County Community College,Monroe,MI,Public,171225,2018,Monroe County Community College,1555 South Raisinville Road,Monroe,Michigan,48161-9746,Rural: Fringe,Metropolitan Statistical Area,-83.470274,41.91617,"1,000 - 4,999",2920,0,1
Jackson College,Jackson,MI,Public,170444,2018,Jackson College,2111 Emmons Rd,Jackson,Michigan,49201-8399,Rural: Fringe,Metropolitan Statistical Area,-84.403942,42.16483,"5,000 - 9,999",5083,0,1
Schoolcraft College,Livonia,MI,Public,172200,2018,Schoolcraft College,18600 Haggerty Road,Livonia,Michigan,48152-2696,City: Small,Metropolitan Statistical Area,-83.430958,42.419279,"5,000 - 9,999",9895,0,0
Kalamazoo Valley Community College,Kalamazoo,MI,Public,170541,2018,Kalamazoo Valley Community College,6767 West O Ave,Kalamazoo,Michigan,49003-4070,Suburb: Midsize,Metropolitan Statistical Area,-85.682144,42.225948,"5,000 - 9,999",8069,0,0
Grand Rapids Community College,Grand Rapids,MI,Public,170055,2018,Grand Rapids Community College,143 Bostwick Ave NE,Grand Rapids,Michigan,49503-3295,City: Midsize,Metropolitan Statistical Area,-85.665625,42.967076,"10,000 - 19,999",13788,0,0
Lake Michigan College,Benton Harbor,MI,Public,170620,2018,Lake Michigan College,2755 East Napier Avenue,Benton Harbor,Michigan,49022-1899,Rural: Fringe,Metropolitan Statistical Area,-86.393445,42.097276,"1,000 - 4,999",3202,0,1
Macomb Community College,Warren,MI,Public,170790,2018,Macomb Community College,14500 E Twelve Mile Rd,Warren,Michigan,48088-3896,City: Midsize,Metropolitan Statistical Area,-82.972377,42.50599,"20,000 and above",20220,0,0
Mid Michigan College,Harrison,MI,Public,171155,2018,Mid Michigan College,1375 S Clare Ave,Harrison,Michigan,48625-9447,Rural: Fringe,Not applicable,-84.763715,43.969586,"1,000 - 4,999",3802,0,1
Southwestern Michigan College,Dowagiac,MI,Public,172307,2018,Southwestern Michigan College,58900 Cherry Grove Rd,Dowagiac,Michigan,49047-9793,Rural: Fringe,Metropolitan Statistical Area,-86.082715,41.965095,"1,000 - 4,999",2130,0,1
North Central Michigan College,Petoskey,MI,Public,171395,2018,North Central Michigan College,1515 Howard St,Petoskey,Michigan,49770,Rural: Fringe,Not applicable,-84.954183,45.361727,"1,000 - 4,999",2329,0,1
Alpena Community College,Alpena,MI,Public,168607,2018,Alpena Community College,665 Johnson St,Alpena,Michigan,49707,Rural: Fringe,Micropolitan Statistical Area,-83.445069,45.081647,"1,000 - 4,999",1429,0,1
Kellogg Community College,Battle Creek,MI,Public,170550,2018,Kellogg Community College,450 North Ave,Battle Creek,Michigan,49017-3397,City: Small,Metropolitan Statistical Area,-85.177329,42.335638,"1,000 - 4,999",4245,0,0
Wayne County Community College District,Detroit,MI,Public,172635,2018,Wayne County Community College District,801 W. Fort Street,Detroit,Michigan,48226,City: Large,Metropolitan Statistical Area,-83.054497,42.327299,"10,000 - 19,999",14957,0,0
Mott Community College,Flint,MI,Public,169275,2018,Mott Community College,1401 E Court St,Flint,Michigan,48503-2089,City: Small,Metropolitan Statistical Area,-83.67243,43.019941,"5,000 - 9,999",7715,0,0
Kirtland Community College,Roscommon,MI,Public,170587,2018,Kirtland Community College,10775 N Saint Helen Road,Roscommon,Michigan,48653,Rural: Remote,Not applicable,-84.413388,44.490753,"1,000 - 4,999",1489,1,1
Lansing Community College,Lansing,MI,Public,170657,2018,Lansing Community College,419 N Capitol Ave,Lansing,Michigan,48901-7210,City: Midsize,Metropolitan Statistical Area,-84.553315,42.737719,"10,000 - 19,999",11771,0,0
Oakland Community College,Bloomfield Hills,MI,Public,171535,2018,Oakland Community College,2480 Opdyke Rd,Bloomfield Hills,Michigan,48304-2266,Suburb: Large,Metropolitan Statistical Area,-83.244787,42.595441,"10,000 - 19,999",15411,0,0
Muskegon Community College,Muskegon,MI,Public,171304,2018,Muskegon Community College,221 S Quarterline Rd,Muskegon,Michigan,49442-1432,City: Small,Metropolitan Statistical Area,-86.196384,43.250329,"1,000 - 4,999",4078,0,0
Glen Oaks Community College,Centreville,MI,Public,169974,2018,Glen Oaks Community College,62249 Shimmel Rd,Centreville,Michigan,49032-9719,Rural: Distant,Micropolitan Statistical Area,-85.496929,41.892504,"1,000 - 4,999",1201,1,1
Washtenaw Community College,Ann Arbor,MI,Public,172617,2018,Washtenaw Community College,4800 E Huron River Dr,Ann Arbor,Michigan,48105-4800,Suburb: Large,Metropolitan Statistical Area,-83.66559,42.26361,"10,000 - 19,999",12264,0,0
Ridgewater College,Willmar,MN,Public,175236,2018,Ridgewater College,2101 15th Ave NW,Willmar,Minnesota,56201,Town: Remote,Micropolitan Statistical Area,-95.07305,45.138313,"1,000 - 4,999",3298,0,0
Inver Hills Community College,Inver Grove Heights,MN,Public,173799,2018,Inver Hills Community College,2500 80th St E,Inver Grove Heights,Minnesota,55076-3224,Suburb: Large,Metropolitan Statistical Area,-93.055255,44.828599,"1,000 - 4,999",4264,0,0
Riverland Community College,Austin,MN,Public,173063,2018,Riverland Community College,1900 8th Ave NW,Austin,Minnesota,55912-1473,Town: Distant,Micropolitan Statistical Area,-92.995626,43.676271,"1,000 - 4,999",3263,0,0
Rochester Community and Technical College,Rochester,MN,Public,174738,2018,Rochester Community and Technical College,851 30th Ave SE,Rochester,Minnesota,55904-4999,City: Midsize,Metropolitan Statistical Area,-92.42321,44.014488,"5,000 - 9,999",5129,0,0
Mesabi Range College,Eveleth,MN,Public,173993,2018,Mesabi Range College,1001 Chestnut Street West,Virginia,Minnesota,55792,Town: Remote,Metropolitan Statistical Area,-92.549092,47.524561,"1,000 - 4,999",1188,0,0
Rainy River Community College,International Falls,MN,Public,174604,2018,Rainy River Community College,1501 Highway 71,International Falls,Minnesota,56649-2160,Town: Remote,Not applicable,-93.431603,48.590001,"Under 1,000",236,0,0
Itasca Community College,Grand Rapids,MN,Public,173805,2018,Itasca Community College,1851 East Highway 169,Grand Rapids,Minnesota,55744-3397,Town: Remote,Micropolitan Statistical Area,-93.49555,47.241919,"1,000 - 4,999",1195,0,0
Minneapolis Community and Technical College,Minneapolis,MN,Public,174136,2018,Minneapolis Community and Technical College,1501 Hennepin Ave,Minneapolis,Minnesota,55403-1779,City: Large,Metropolitan Statistical Area,-93.284507,44.972679,"5,000 - 9,999",6951,0,0
Anoka-Ramsey Community College,Coon Rapids,MN,Public,172963,2018,Anoka-Ramsey Community College,11200 Mississippi Blvd NW,Coon Rapids,Minnesota,55433-3470,Suburb: Large,Metropolitan Statistical Area,-93.351697,45.172978,"5,000 - 9,999",8845,0,0
North Hennepin Community College,Brooklyn Park,MN,Public,174376,2018,North Hennepin Community College,7411 85th Ave N,Brooklyn Park,Minnesota,55445,Suburb: Large,Metropolitan Statistical Area,-93.374536,45.106937,"5,000 - 9,999",6286,0,0
Normandale Community College,Bloomington,MN,Public,174428,2018,Normandale Community College,9700 France Ave S,Bloomington,Minnesota,55431-4399,City: Small,Metropolitan Statistical Area,-93.331673,44.829706,"5,000 - 9,999",9784,0,0
Century College,White Bear Lake,MN,Public,175315,2018,Century College,3300 Century Ave N,White Bear Lake,Minnesota,55110,Suburb: Large,Metropolitan Statistical Area,-92.982105,45.041823,"5,000 - 9,999",8891,0,0
Hibbing Community College,Hibbing,MN,Public,173735,2018,Hibbing Community College,1515 East 25th Street,Hibbing,Minnesota,55746,Town: Remote,Metropolitan Statistical Area,-92.921698,47.422361,"1,000 - 4,999",1118,0,0
Alexandria Technical & Community College,Alexandria,MN,Public,172918,2018,Alexandria Technical & Community College,1601 Jefferson Streeet,Alexandria,Minnesota,56308,Town: Remote,Micropolitan Statistical Area,-95.372369,45.873107,"1,000 - 4,999",2614,0,0
Vermilion Community College,Ely,MN,Public,175157,2018,Vermilion Community College,1900 East Camp Street,Ely,Minnesota,55731-1918,Town: Remote,Metropolitan Statistical Area,-91.837777,47.905184,"Under 1,000",660,0,0
Dakota County Technical College,Rosemount,MN,Public,173416,2018,Dakota County Technical College,1300  145th Street East,Rosemount,Minnesota,55068-2999,Rural: Fringe,Metropolitan Statistical Area,-93.07805,44.737255,"1,000 - 4,999",2523,0,1
Hennepin Technical College,Brooklyn Park,MN,Public,173708,2018,Hennepin Technical College,9000 Brooklyn Blvd,Brooklyn Park,Minnesota,55445,Suburb: Large,Metropolitan Statistical Area,-93.397759,45.096534,"1,000 - 4,999",4762,0,0
South Central College,North Mankato,MN,Public,173911,2018,South Central College,1920 Lee Blvd,North Mankato,Minnesota,56003-1920,City: Small,Metropolitan Statistical Area,-94.047428,44.174319,"1,000 - 4,999",2746,0,0
Lake Superior College,Duluth,MN,Public,173461,2018,Lake Superior College,2101 Trinity Rd,Duluth,Minnesota,55811-3399,City: Small,Metropolitan Statistical Area,-92.145151,46.78455,"5,000 - 9,999",5281,0,0
Saint Paul College,St Paul,MN,Public,175041,2018,Saint Paul College,235 Marshall Ave,Saint Paul,Minnesota,55102-9808,City: Large,Metropolitan Statistical Area,-93.109646,44.949186,"5,000 - 9,999",6912,0,0
Northwest Technical College,Bemidji,MN,Public,173115,2018,Northwest Technical College,905 Grant Avenue SE,Bemidji,Minnesota,56601-4907,Town: Remote,Micropolitan Statistical Area,-94.853974,47.452652,"1,000 - 4,999",1022,0,0
Minnesota West Community and Technical College,Worthington,MN,Public,173638,2018,Minnesota West Community and Technical College,1593 11th Ave,Granite Falls,Minnesota,56241,Town: Remote,Not applicable,-95.56172,44.80755,"1,000 - 4,999",3362,0,0
Anoka Technical College,Anoka,MN,Public,172954,2018,Anoka Technical College,1355 Highway 10 West,Anoka,Minnesota,55303,Suburb: Large,Metropolitan Statistical Area,-93.416087,45.216709,"1,000 - 4,999",1844,0,0
Three Rivers College,Poplar Bluff,MO,Public,179645,2018,Three Rivers College,2080 Three Rivers Blvd,Poplar Bluff,Missouri,63901,Town: Remote,Micropolitan Statistical Area,-90.429769,36.776571,"1,000 - 4,999",3076,0,0
East Central College,Union,MO,Public,177250,2018,East Central College,1964 Prairie Dell Rd,Union,Missouri,63084,Rural: Fringe,Metropolitan Statistical Area,-90.97809,38.431845,"1,000 - 4,999",2629,0,1
Moberly Area Community College,Moberly,MO,Public,178448,2018,Moberly Area Community College,101 College Ave,Moberly,Missouri,65270-1304,Town: Distant,Micropolitan Statistical Area,-92.455064,39.418607,"5,000 - 9,999",5202,0,0
State Fair Community College,Sedalia,MO,Public,179539,2018,State Fair Community College,3201 W 16th Street,Sedalia,Missouri,65301-2199,Town: Remote,Micropolitan Statistical Area,-93.268028,38.696423,"1,000 - 4,999",4731,0,0
Mineral Area College,Park Hills,MO,Public,178217,2018,Mineral Area College,5270 Flat River Road,Park Hills,Missouri,63601-1000,Town: Distant,Micropolitan Statistical Area,-90.481847,37.845199,"1,000 - 4,999",2885,0,0
North Central Missouri College,Trenton,MO,Public,179715,2018,North Central Missouri College,1301 Main St,Trenton,Missouri,64683,Town: Remote,Not applicable,-93.617353,40.078096,"1,000 - 4,999",1854,0,0
Jefferson College,Hillsboro,MO,Public,177676,2018,Jefferson College,1000 Viking Drive,Hillsboro,Missouri,63050-2440,Rural: Fringe,Metropolitan Statistical Area,-90.558954,38.259889,"1,000 - 4,999",4432,0,1
Crowder College,Neosho,MO,Public,177135,2018,Crowder College,601 Laclede Ave,Neosho,Missouri,64850,Town: Distant,Metropolitan Statistical Area,-94.368315,36.814906,"1,000 - 4,999",4521,0,0
Missouri State University-West Plains,West Plains,MO,Public,179344,2018,Missouri State University-West Plains,128 Garfield Avenue,West Plains,Missouri,65775-2715,Town: Remote,Micropolitan Statistical Area,-91.857838,36.729574,"1,000 - 4,999",1869,0,0
Ozarks Technical Community College,Springfield,MO,Public,177472,2018,Ozarks Technical Community College,1001 E. Chestnut Expressway,Springfield,Missouri,65802,City: Midsize,Metropolitan Statistical Area,-93.279985,37.216479,"10,000 - 19,999",12221,0,0
State Technical College of Missouri,Linn,MO,Public,177977,2018,State Technical College of Missouri,One Technology Drive,Linn,Missouri,65051-9607,Rural: Distant,Metropolitan Statistical Area,-91.814259,38.467699,"1,000 - 4,999",1471,1,1
Ranken Technical College,St Louis,MO,"Private, not-for-profit",178891,2018,Ranken Technical College,4431 Finney Ave,Saint Louis,Missouri,63113-2811,City: Large,Metropolitan Statistical Area,-90.248465,38.653303,"1,000 - 4,999",1698,0,0
Jones County Junior College,Ellisville,MS,Public,175883,2018,Jones County Junior College,900 South Court Street,Ellisville,Mississippi,39437,Town: Distant,Micropolitan Statistical Area,-89.200895,31.596936,"1,000 - 4,999",4496,0,0
East Central Community College,Decatur,MS,Public,175643,2018,East Central Community College,15738 Highway 15,Decatur,Mississippi,39327-0129,Rural: Distant,Not applicable,-89.113706,32.441164,"1,000 - 4,999",2603,1,1
Mississippi Gulf Coast Community College,Perkinston,MS,Public,176071,2018,Mississippi Gulf Coast Community College,51 Main Street,Perkinston,Mississippi,39573,Rural: Distant,Not applicable,-89.142952,30.780784,"5,000 - 9,999",8950,1,1
Northeast Mississippi Community College,Booneville,MS,Public,176169,2018,Northeast Mississippi Community College,101 Cunningham Blvd,Booneville,Mississippi,38829,Town: Remote,Not applicable,-88.562609,34.668339,"1,000 - 4,999",3512,0,0
Meridian Community College,Meridian,MS,Public,175935,2018,Meridian Community College,910 Hwy 19 N,Meridian,Mississippi,39307-5801,Town: Remote,Micropolitan Statistical Area,-88.732823,32.367355,"1,000 - 4,999",3494,0,0
Copiah-Lincoln Community College,Wesson,MS,Public,175573,2018,Copiah-Lincoln Community College,1001 Co-Lin Lane,Wesson,Mississippi,39191,Rural: Distant,Metropolitan Statistical Area,-90.400234,31.69272,"1,000 - 4,999",3094,1,1
Northwest Mississippi Community College,Senatobia,MS,Public,176178,2018,Northwest Mississippi Community College,4975 Hwy 51 N,Senatobia,Mississippi,38668-1714,Town: Distant,Metropolitan Statistical Area,-89.969525,34.625532,"5,000 - 9,999",7618,0,0
Hinds Community College,Raymond,MS,Public,175786,2018,Hinds Community College,608 Hinds Boulevard,Raymond,Mississippi,39154,Town: Fringe,Metropolitan Statistical Area,-90.416118,32.256109,"10,000 - 19,999",12521,0,0
Southwest Mississippi Community College,Summit,MS,Public,176354,2018,Southwest Mississippi Community College,1156 College Dr,Summit,Mississippi,39666-0000,Town: Remote,Micropolitan Statistical Area,-90.443295,31.295121,"1,000 - 4,999",2025,0,0
Itawamba Community College,Fulton,MS,Public,175829,2018,Itawamba Community College,602 W Hill Street,Fulton,Mississippi,38843-1099,Town: Remote,Micropolitan Statistical Area,-88.412073,34.276519,"1,000 - 4,999",4930,0,0
East Mississippi Community College,Scooba,MS,Public,175652,2018,East Mississippi Community College,1512 Kemper Street,Scooba,Mississippi,39358-0158,Rural: Remote,Micropolitan Statistical Area,-88.483516,32.830246,"1,000 - 4,999",4000,1,1
Holmes Community College,Goodman,MS,Public,175810,2018,Holmes Community College,#1 Hill St,Goodman,Mississippi,39079,Rural: Distant,Not applicable,-89.915803,32.969985,"5,000 - 9,999",5678,1,1
Pearl River Community College,Poplarville,MS,Public,176239,2018,Pearl River Community College,101 Hwy 11 N,Poplarville,Mississippi,39470,Rural: Remote,Micropolitan Statistical Area,-89.543052,30.844322,"1,000 - 4,999",4836,1,1
Coahoma Community College,Clarksdale,MS,Public,175519,2018,Coahoma Community College,3240 Friars Point Rd,Clarksdale,Mississippi,38614,Rural: Fringe,Micropolitan Statistical Area,-90.568469,34.254417,"1,000 - 4,999",1895,0,1
Mississippi Delta Community College,Moorhead,MS,Public,176008,2018,Mississippi Delta Community College,Hwy 3 and Cherry St,Moorhead,Mississippi,38761,Town: Remote,Micropolitan Statistical Area,-90.502053,33.444906,"1,000 - 4,999",2373,0,0
Dawson Community College,Glendive,MT,Public,180151,2018,Dawson Community College,300 College Dr,Glendive,Montana,59330,Town: Remote,Not applicable,-104.725485,47.085396,"Under 1,000",413,0,0
Miles Community College,Miles City,MT,Public,180373,2018,Miles Community College,2715 Dickinson Street,Miles City,Montana,59301-4774,Town: Remote,Not applicable,-105.826524,46.40526,"Under 1,000",505,0,0
Flathead Valley Community College,Kalispell,MT,Public,180197,2018,Flathead Valley Community College,777 Grandview Dr,Kalispell,Montana,59901,Rural: Fringe,Micropolitan Statistical Area,-114.327258,48.227389,"1,000 - 4,999",2351,0,1
Surry Community College,Dobson,NC,Public,199768,2018,Surry Community College,630 S. Main St.,Dobson,North Carolina,27017-8432,Rural: Distant,Micropolitan Statistical Area,-80.716834,36.384334,"1,000 - 4,999",3073,1,1
Mitchell Community College,Statesville,NC,Public,198987,2018,Mitchell Community College,500 W Broad Street,Statesville,North Carolina,28677-5293,Suburb: Large,Metropolitan Statistical Area,-80.894083,35.782814,"1,000 - 4,999",3164,0,0
Davidson County Community College,Lexington,NC,Public,198376,2018,Davidson County Community College,297 DCCC Road,Thomasville,North Carolina,27360-7385,Rural: Fringe,Metropolitan Statistical Area,-80.181868,35.865471,"1,000 - 4,999",3654,0,1
Alamance Community College,Graham,NC,Public,199786,2018,Alamance Community College,1247 Jimmie Kerr Road,Graham,North Carolina,27253-8000,Rural: Fringe,Metropolitan Statistical Area,-79.357657,36.066683,"1,000 - 4,999",4248,0,1
Cape Fear Community College,Wilmington,NC,Public,198154,2018,Cape Fear Community College,411 North Front Street,Wilmington,North Carolina,28401-3910,City: Midsize,Metropolitan Statistical Area,-77.948306,34.240624,"5,000 - 9,999",8378,0,0
Gaston College,Dallas,NC,Public,198570,2018,Gaston College,201 Hwy 321 S,Dallas,North Carolina,28034,Suburb: Midsize,Metropolitan Statistical Area,-81.18852,35.312048,"5,000 - 9,999",5362,0,0
Piedmont Community College,Roxboro,NC,Public,199324,2018,Piedmont Community College,1715 College Dr,Roxboro,North Carolina,27573,Rural: Fringe,Metropolitan Statistical Area,-78.980607,36.431674,"1,000 - 4,999",1287,0,1
Robeson Community College,Lumberton,NC,Public,199476,2018,Robeson Community College,5160 Fayetteville Road,Lumberton,North Carolina,28360,Town: Distant,Micropolitan Statistical Area,-79.00664,34.675194,"1,000 - 4,999",1671,0,0
Tri-County Community College,Murphy,NC,Public,199795,2018,Tri-County Community College,21 Campus Circle,Murphy,North Carolina,28906,Rural: Remote,Not applicable,-83.966476,35.067021,"Under 1,000",963,1,1
Martin Community College,Williamston,NC,Public,198905,2018,Martin Community College,1161 Kehukee Pk Rd,Williamston,North Carolina,27892-9988,Rural: Fringe,Not applicable,-77.094913,35.836304,"Under 1,000",800,0,1
Catawba Valley Community College,Hickory,NC,Public,198233,2018,Catawba Valley Community College,2550 Hwy 70 SE,Hickory,North Carolina,28602-0699,City: Small,Metropolitan Statistical Area,-81.28792,35.699732,"1,000 - 4,999",4610,0,0
Central Piedmont Community College,Charlotte,NC,Public,198260,2018,Central Piedmont Community College,1201 Elizabeth Avenue,Charlotte,North Carolina,28204,City: Large,Metropolitan Statistical Area,-80.829796,35.217774,"10,000 - 19,999",18824,0,0
Nash Community College,Rocky Mount,NC,Public,199087,2018,Nash Community College,522 N. Old Carriage Road,Rocky Mount,North Carolina,27804,Rural: Fringe,Metropolitan Statistical Area,-77.898348,35.976823,"1,000 - 4,999",3055,0,1
Blue Ridge Community College,Flat Rock,NC,Public,198039,2018,Blue Ridge Community College,180 West Campus Drive,Flat Rock,North Carolina,28731-4728,Suburb: Large,Metropolitan Statistical Area,-82.425544,35.30804,"1,000 - 4,999",2186,0,0
Blue Ridge Community College,Flat Rock,NC,Public,231536,2018,Blue Ridge Community College,1 College Lane,Weyers Cave,Virginia,24486-0080,Rural: Fringe,Metropolitan Statistical Area,-78.937471,38.279075,"1,000 - 4,999",4099,0,1
Southwestern Community College,Sylva,NC,Public,154396,2018,Southwestern Community College,1501 West Townline Street,Creston,Iowa,50801,Town: Remote,Not applicable,-94.380906,41.073437,"1,000 - 4,999",1547,0,0
Southwestern Community College,Sylva,NC,Public,199731,2018,Southwestern Community College,447 College Drive,Sylva,North Carolina,28779,Town: Distant,Micropolitan Statistical Area,-83.207129,35.348575,"1,000 - 4,999",2366,0,0
Fayetteville Technical Community College,Fayetteville,NC,Public,198534,2018,Fayetteville Technical Community College,2201 Hull Rd,Fayetteville,North Carolina,28303-0236,City: Midsize,Metropolitan Statistical Area,-78.92658,35.068851,"10,000 - 19,999",11534,0,0
Rockingham Community College,Wentworth,NC,Public,199485,2018,Rockingham Community College,215 Wrenn Memorial Road,Wentworth,North Carolina,27375-0038,Rural: Distant,Metropolitan Statistical Area,-79.758353,36.388682,"1,000 - 4,999",1685,1,1
Craven Community College,New Bern,NC,Public,198367,2018,Craven Community College,800 College Ct,New Bern,North Carolina,28562-4900,City: Small,Metropolitan Statistical Area,-77.102232,35.111516,"1,000 - 4,999",3003,0,0
Carteret Community College,Morehead City,NC,Public,198206,2018,Carteret Community College,3505 Arendell St,Morehead City,North Carolina,28557-2989,Town: Distant,Micropolitan Statistical Area,-76.755538,34.723681,"1,000 - 4,999",1390,0,0
Guilford Technical Community College,Jamestown,NC,Public,198622,2018,Guilford Technical Community College,601 E. Main Street,Jamestown,North Carolina,27282,Suburb: Midsize,Metropolitan Statistical Area,-79.92062,35.99846,"10,000 - 19,999",10520,0,0
Wilkes Community College,Wilkesboro,NC,Public,199926,2018,Wilkes Community College,1328 South Collegiate Dr,Wilkesboro,North Carolina,28697,Town: Distant,Micropolitan Statistical Area,-81.182994,36.136617,"1,000 - 4,999",2601,0,0
Beaufort County Community College,Washington,NC,Public,197966,2018,Beaufort County Community College,5337 US Highway 264 East,Washington,North Carolina,27889,Rural: Fringe,Micropolitan Statistical Area,-76.96535,35.533587,"1,000 - 4,999",1543,0,1
Bladen Community College,Dublin,NC,Public,198011,2018,Bladen Community College,7418 NC Hwy 41 West,Dublin,North Carolina,28332,Rural: Distant,Not applicable,-78.731119,34.644691,"1,000 - 4,999",1017,1,1
Forsyth Technical Community College,Winston-Salem,NC,Public,198552,2018,Forsyth Technical Community College,2100 Silas Creek Pky,Winston-Salem,North Carolina,27103-5197,City: Midsize,Metropolitan Statistical Area,-80.272215,36.06854,"5,000 - 9,999",7779,0,0
Mayland Community College,Spruce Pine,NC,Public,198914,2018,Mayland Community College,200 Mayland Drive,Spruce Pine,North Carolina,28777,Town: Distant,Not applicable,-82.016988,35.934475,"1,000 - 4,999",1082,0,0
Western Piedmont Community College,Morganton,NC,Public,199908,2018,Western Piedmont Community College,1001 Burkemont Ave,Morganton,North Carolina,28655-4511,City: Small,Metropolitan Statistical Area,-81.687345,35.722876,"1,000 - 4,999",1779,0,0
Pitt Community College,Greenville,NC,Public,199333,2018,Pitt Community College,1986 Pitt Tech Road,Winterville,North Carolina,28590,Suburb: Midsize,Metropolitan Statistical Area,-77.407203,35.550591,"5,000 - 9,999",8185,0,0
Wake Technical Community College,Raleigh,NC,Public,199856,2018,Wake Technical Community College,9101 Fayetteville Road,Raleigh,North Carolina,27603-5696,Suburb: Large,Metropolitan Statistical Area,-78.706126,35.650151,"20,000 and above",21872,0,0
Lenoir Community College,Kinston,NC,Public,198817,2018,Lenoir Community College,231 Highway 58 South,Kinston,North Carolina,28502-0188,Town: Distant,Micropolitan Statistical Area,-77.571532,35.234405,"1,000 - 4,999",2693,0,0
Sampson Community College,Clinton,NC,Public,199625,2018,Sampson Community College,Highway 24 West,Clinton,North Carolina,28328-0318,Town: Distant,Not applicable,-78.361136,34.99086,"1,000 - 4,999",1293,0,0
Haywood Community College,Clyde,NC,Public,198668,2018,Haywood Community College,185 Freedlander Drive,Clyde,North Carolina,28721-9901,Suburb: Large,Metropolitan Statistical Area,-82.927918,35.525905,"1,000 - 4,999",1627,0,0
Wayne Community College,Goldsboro,NC,Public,199892,2018,Wayne Community College,3000 Wayne Memorial Dr,Goldsboro,North Carolina,27534-8002,City: Small,Metropolitan Statistical Area,-77.945873,35.403079,"1,000 - 4,999",3238,0,0
Cleveland Community College,Shelby,NC,Public,198321,2018,Cleveland Community College,137 S Post Rd,Shelby,North Carolina,28152-6224,Town: Fringe,Micropolitan Statistical Area,-81.492856,35.279833,"1,000 - 4,999",2551,0,0
James Sprunt Community College,Kenansville,NC,Public,198729,2018,James Sprunt Community College,133 James Sprunt Drive,Kenansville,North Carolina,28349,Rural: Distant,Not applicable,-77.977639,34.946802,"1,000 - 4,999",1113,1,1
Coastal Carolina Community College,Jacksonville,NC,Public,198330,2018,Coastal Carolina Community College,444 Western Blvd,Jacksonville,North Carolina,28546-6816,City: Small,Metropolitan Statistical Area,-77.384785,34.771687,"1,000 - 4,999",3864,0,0
Vance-Granville Community College,Henderson,NC,Public,199838,2018,Vance-Granville Community College,200 Community College Road,Henderson,North Carolina,27537,Town: Distant,Micropolitan Statistical Area,-78.487651,36.323887,"1,000 - 4,999",3063,0,0
Montgomery Community College,Troy,NC,Public,199023,2018,Montgomery Community College,1011 Page St,Troy,North Carolina,27371,Rural: Fringe,Not applicable,-79.870005,35.367107,"Under 1,000",836,0,1
McDowell Technical Community College,Marion,NC,Public,198923,2018,McDowell Technical Community College,54 College Drive,Marion,North Carolina,28752-8728,Rural: Fringe,Micropolitan Statistical Area,-81.96208,35.656254,"1,000 - 4,999",1105,0,1
Pamlico Community College,Grantsboro,NC,Public,199263,2018,Pamlico Community College,5049 Hwy 306 South,Grantsboro,North Carolina,28529,Rural: Distant,Metropolitan Statistical Area,-76.83372,35.068398,"Under 1,000",527,1,1
Halifax Community College,Weldon,NC,Public,198640,2018,Halifax Community College,100 College Drive,Weldon,North Carolina,27890,Rural: Fringe,Micropolitan Statistical Area,-77.617681,36.427712,"Under 1,000",996,0,1
Sandhills Community College,Pinehurst,NC,Public,199634,2018,Sandhills Community College,3395 Airport Rd,Pinehurst,North Carolina,28374,Rural: Fringe,Micropolitan Statistical Area,-79.40635,35.220086,"1,000 - 4,999",4018,0,1
Edgecombe Community College,Tarboro,NC,Public,198491,2018,Edgecombe Community College,2009 W Wilson St,Tarboro,North Carolina,27886,Rural: Fringe,Metropolitan Statistical Area,-77.571786,35.879867,"1,000 - 4,999",2012,0,1
Wilson Community College,Wilson,NC,Public,199953,2018,Wilson Community College,902 Herring Ave,Wilson,North Carolina,27893-3310,Town: Fringe,Micropolitan Statistical Area,-77.895663,35.730114,"1,000 - 4,999",1692,0,0
Roanoke-Chowan Community College,Ahoskie,NC,Public,199467,2018,Roanoke-Chowan Community College,109 Community College Rd,Ahoskie,North Carolina,27910-9522,Rural: Fringe,Not applicable,-77.023662,36.324827,"Under 1,000",751,0,1
Isothermal Community College,Spindale,NC,Public,198710,2018,Isothermal Community College,286 ICC Loop Road,Spindale,North Carolina,28160-0804,Town: Distant,Micropolitan Statistical Area,-81.911857,35.336728,"1,000 - 4,999",1941,0,0
Richmond Community College,Hamlet,NC,Public,199449,2018,Richmond Community College,1042 W Hamlet Ave,Hamlet,North Carolina,28345-1189,Town: Distant,Micropolitan Statistical Area,-79.70964,34.905252,"1,000 - 4,999",2555,0,0
Southeastern Community College,Whiteville,NC,Public,154378,2018,Southeastern Community College,1500 West Agency Road,West Burlington,Iowa,52655-0180,Town: Remote,Micropolitan Statistical Area,-91.171881,40.814496,"1,000 - 4,999",2548,0,0
Southeastern Community College,Whiteville,NC,Public,199722,2018,Southeastern Community College,4564 Chadbourn Hwy,Whiteville,North Carolina,28472-5422,Rural: Distant,Not applicable,-78.783365,34.331749,"1,000 - 4,999",1448,1,1
Durham Technical Community College,Durham,NC,Public,198455,2018,Durham Technical Community College,1637 Lawson Street,Durham,North Carolina,27703-5023,City: Large,Metropolitan Statistical Area,-78.8817,35.974768,"5,000 - 9,999",5434,0,0
South Piedmont Community College,Polkton,NC,Public,197850,2018,South Piedmont Community College,680 Highway 74 West,Polkton,North Carolina,28135,Rural: Distant,Not applicable,-80.211087,35.000312,"1,000 - 4,999",2847,1,1
Stanly Community College,Albemarle,NC,Public,199740,2018,Stanly Community College,141 College Drive,Albemarle,North Carolina,28001,Town: Distant,Micropolitan Statistical Area,-80.236303,35.339895,"1,000 - 4,999",2545,0,0
Asheville-Buncombe Technical Community College,Asheville,NC,Public,197887,2018,Asheville-Buncombe Technical Community College,340 Victoria Rd,Asheville,North Carolina,28801-4897,City: Small,Metropolitan Statistical Area,-82.554826,35.570439,"5,000 - 9,999",6892,0,0
Rowan-Cabarrus Community College,Salisbury,NC,Public,199494,2018,Rowan-Cabarrus Community College,"1333 Jake Alexander Blvd, South",Salisbury,North Carolina,28146,Suburb: Midsize,Metropolitan Statistical Area,-80.48181,35.639388,"5,000 - 9,999",6355,0,0
Louisburg College,Louisburg,NC,"Private, not-for-profit",198871,2018,Louisburg College,501 N. Main St.,Louisburg,North Carolina,27549-2399,Town: Fringe,Metropolitan Statistical Area,-78.29898,36.105035,"Under 1,000",594,0,0
Randolph Community College,Asheboro,NC,Public,199421,2018,Randolph Community College,629 Industrial Park Ave,Asheboro,North Carolina,27205,Town: Fringe,Metropolitan Statistical Area,-79.828538,35.672814,"1,000 - 4,999",2784,0,0
Johnston Community College,Smithfield,NC,Public,198774,2018,Johnston Community College,245 College Road,Smithfield,North Carolina,27577-2350,Rural: Fringe,Metropolitan Statistical Area,-78.332293,35.501418,"1,000 - 4,999",4047,0,1
Central Carolina Community College,Sanford,NC,Public,198251,2018,Central Carolina Community College,1105 Kelly Dr,Sanford,North Carolina,27330-9840,Town: Distant,Micropolitan Statistical Area,-79.143553,35.471864,"5,000 - 9,999",5190,0,0
Brunswick Community College,Supply,NC,Public,198084,2018,Brunswick Community College,50 College Rd,Bolivia,North Carolina,28422-9021,Rural: Distant,Metropolitan Statistical Area,-78.22979,34.038973,"1,000 - 4,999",1482,1,1
Carolinas College of Health Sciences,Charlotte,NC,Public,433174,2018,Carolinas College of Health Sciences,1200 Blythe Blvd,Charlotte,North Carolina,28203-2861,City: Large,Metropolitan Statistical Area,-80.838535,35.200295,"Under 1,000",467,0,0
North Dakota State College of Science,Wahpeton,ND,Public,200305,2018,North Dakota State College of Science,800 N 6th St,Wahpeton,North Dakota,58076-0002,Town: Distant,Micropolitan Statistical Area,-96.607379,46.272158,"1,000 - 4,999",2957,0,0
Bismarck State College,Bismarck,ND,Public,200022,2018,Bismarck State College,1500 Edwards Ave.,Bismarck,North Dakota,58506-5587,City: Small,Metropolitan Statistical Area,-100.816534,46.821459,"1,000 - 4,999",3778,0,0
Lake Region State College,Devils Lake,ND,Public,200192,2018,Lake Region State College,1801 College Dr N,Devils Lake,North Dakota,58301-1598,Town: Remote,Not applicable,-98.869034,48.127948,"1,000 - 4,999",2072,0,0
Williston State College,Williston,ND,Public,200341,2018,Williston State College,1410 University Avenue,Williston,North Dakota,58801,Town: Remote,Micropolitan Statistical Area,-103.613066,48.158603,"1,000 - 4,999",1124,0,0
Dakota College at Bottineau,Bottineau,ND,Public,200314,2018,Dakota College at Bottineau,105 Simrall Blvd,Bottineau,North Dakota,58318-1198,Rural: Remote,Not applicable,-100.441103,48.832505,"Under 1,000",996,1,1
Central Community College,Grand Island,NE,Public,180902,2018,Central Community College,3134 West Hwy 34,Grand Island,Nebraska,68802-4903,City: Small,Metropolitan Statistical Area,-98.372549,40.889582,"5,000 - 9,999",6354,0,0
Northeast Community College,Norfolk,NE,Public,181491,2018,Northeast Community College,801 E Benjamin,Norfolk,Nebraska,68702-0469,Town: Remote,Micropolitan Statistical Area,-97.396578,42.048647,"5,000 - 9,999",5016,0,0
Western Nebraska Community College,Scottsbluff,NE,Public,181817,2018,Western Nebraska Community College,1601 East 27th Street,Scottsbluff,Nebraska,69361-1899,Town: Remote,Micropolitan Statistical Area,-103.64249,41.875705,"1,000 - 4,999",1825,0,0
Mid-Plains Community College,North Platte,NE,Public,181312,2018,Mid-Plains Community College,1101 Halligan Drive,North Platte,Nebraska,69101,Town: Remote,Micropolitan Statistical Area,-100.748417,41.110429,"1,000 - 4,999",2216,0,0
Lakes Region Community College,Laconia,NH,Public,183123,2018,Lakes Region Community College,379 Belmont Road,Laconia,New Hampshire,3246,Rural: Fringe,Micropolitan Statistical Area,-71.462602,43.507568,"Under 1,000",729,0,1
Manchester Community College,Manchester,NH,Public,129695,2018,Manchester Community College,Great Path,Manchester,Connecticut,6040,Suburb: Large,Metropolitan Statistical Area,-72.561939,41.761625,"5,000 - 9,999",6003,0,0
Manchester Community College,Manchester,NH,Public,183132,2018,Manchester Community College,1066 Front St,Manchester,New Hampshire,03102-8518,City: Midsize,Metropolitan Statistical Area,-71.483534,43.019823,"1,000 - 4,999",2574,0,0
White Mountains Community College,Berlin,NH,Public,183105,2018,White Mountains Community College,2020 Riverside Drive,Berlin,New Hampshire,3570,Town: Remote,Micropolitan Statistical Area,-71.158535,44.503494,"Under 1,000",699,0,0
River Valley Community College,Claremont,NH,Public,183114,2018,River Valley Community College,1 College Place,Claremont,New Hampshire,03743-9707,Rural: Fringe,Micropolitan Statistical Area,-72.333114,43.399046,"Under 1,000",792,0,1
Nashua Community College,Nashua,NH,Public,183141,2018,Nashua Community College,505 Amherst St,Nashua,New Hampshire,03063-1026,City: Small,Metropolitan Statistical Area,-71.523462,42.794576,"1,000 - 4,999",1626,0,0
Great Bay Community College,Portsmouth,NH,Public,183150,2018,Great Bay Community College,320 Corporate Drive,Portsmouth,New Hampshire,03801-2879,Suburb: Small,Metropolitan Statistical Area,-70.798969,43.072093,"1,000 - 4,999",1887,0,0
Raritan Valley Community College,Somerville,NJ,Public,186645,2018,Raritan Valley Community College,118 Lamington Road,Branchburg,New Jersey,8876,Rural: Fringe,Metropolitan Statistical Area,-74.688127,40.609681,"5,000 - 9,999",7887,0,1
Camden County College,Blackwood,NJ,Public,183938,2018,Camden County College,200 College Drive,Blackwood,New Jersey,8012,Suburb: Large,Metropolitan Statistical Area,-75.038381,39.784874,"5,000 - 9,999",9675,0,0
Essex County College,Newark,NJ,Public,184481,2018,Essex County College,303 University Ave,Newark,New Jersey,7102,City: Large,Metropolitan Statistical Area,-74.178234,40.738444,"5,000 - 9,999",7514,0,0
Bergen Community College,Paramus,NJ,Public,183743,2018,Bergen Community College,400 Paramus Rd,Paramus,New Jersey,07652-1595,Suburb: Large,Metropolitan Statistical Area,-74.088804,40.951782,"10,000 - 19,999",13352,0,0
Middlesex County College,Edison,NJ,Public,185536,2018,Middlesex County College,2600 Woodbridge Avenue,Edison,New Jersey,08818-3050,Suburb: Large,Metropolitan Statistical Area,-74.366544,40.504728,"10,000 - 19,999",10894,0,0
Salem Community College,Carneys Point,NJ,Public,186469,2018,Salem Community College,460 Hollywood Avenue,Carneys Point,New Jersey,08069-2799,Suburb: Large,Metropolitan Statistical Area,-75.47013,39.698756,"Under 1,000",879,0,0
Atlantic Cape Community College,Mays Landing,NJ,Public,183655,2018,Atlantic Cape Community College,5100 Black Horse Pike,Mays Landing,New Jersey,08330-2699,Rural: Fringe,Metropolitan Statistical Area,-74.680019,39.462081,"1,000 - 4,999",4973,0,1
Ocean County College,Toms River,NJ,Public,185873,2018,Ocean County College,College Drive,Toms River,New Jersey,08754-2001,Suburb: Large,Metropolitan Statistical Area,-74.16549,40.007809,"5,000 - 9,999",8176,0,0
County College of Morris,Randolph,NJ,Public,184180,2018,County College of Morris,214 Center Grove Rd,Randolph,New Jersey,07869-2086,Suburb: Large,Metropolitan Statistical Area,-74.579873,40.859141,"5,000 - 9,999",7556,0,0
Mercer County Community College,Trenton,NJ,Public,185509,2018,Mercer County Community College,1200 Old Trenton Rd,West Windsor,New Jersey,08550-3407,Rural: Fringe,Metropolitan Statistical Area,-74.650719,40.254398,"5,000 - 9,999",7686,0,1
Union County College,Cranford,NJ,Public,187198,2018,Union County College,1033 Springfield Avenue,Cranford,New Jersey,07016-1528,Suburb: Large,Metropolitan Statistical Area,-74.319138,40.668595,"5,000 - 9,999",9412,0,0
Passaic County Community College,Paterson,NJ,Public,186034,2018,Passaic County Community College,One College Blvd,Paterson,New Jersey,07505-1179,Suburb: Large,Metropolitan Statistical Area,-74.168778,40.918449,"5,000 - 9,999",6480,0,0
Brookdale Community College,Lincroft,NJ,Public,183859,2018,Brookdale Community College,765 Newman Springs Rd,Lincroft,New Jersey,07738-1597,Rural: Fringe,Metropolitan Statistical Area,-74.132746,40.324906,"10,000 - 19,999",11856,0,1
Hudson County Community College,Jersey City,NJ,Public,184995,2018,Hudson County Community College,70 Sip Avenue,Jersey City,New Jersey,7306,City: Large,Metropolitan Statistical Area,-74.062903,40.7303,"5,000 - 9,999",8408,0,0
Warren County Community College,Washington,NJ,Public,245625,2018,Warren County Community College,475 Route 57 W,Washington,New Jersey,07882-4343,Town: Fringe,Metropolitan Statistical Area,-75.018309,40.744812,"1,000 - 4,999",3496,0,0
Sussex County Community College,Newton,NJ,Public,247603,2018,Sussex County Community College,One College Hill Road,Newton,New Jersey,7860,Town: Fringe,Metropolitan Statistical Area,-74.758079,41.067633,"1,000 - 4,999",2300,0,0
Assumption College for Sisters,Mendham,NJ,"Private, not-for-profit",183600,2018,Assumption College for Sisters,200 A Morris Avenue,Denville,New Jersey,7834,Suburb: Large,Metropolitan Statistical Area,-74.490693,40.905857,"Under 1,000",53,0,0
Clovis Community College,Clovis,NM,Public,187639,2018,Clovis Community College,417 Schepps Blvd,Clovis,New Mexico,88101-8381,Town: Remote,Micropolitan Statistical Area,-103.165886,34.402483,"1,000 - 4,999",3107,0,0
Clovis Community College,Clovis,NM,Public,489201,2018,Clovis Community College,10309 North Willow Avenue,Fresno,California,93730,City: Large,Metropolitan Statistical Area,-119.731261,36.88686,"5,000 - 9,999",7765,0,0
New Mexico Junior College,Hobbs,NM,Public,187903,2018,New Mexico Junior College,5317 Lovington Hwy,Hobbs,New Mexico,88240,Town: Remote,Micropolitan Statistical Area,-103.182896,32.757808,"1,000 - 4,999",2247,0,0
New Mexico Military Institute,Roswell,NM,Public,187912,2018,New Mexico Military Institute,101 W.  College Blvd.,Roswell,New Mexico,88201-5173,Town: Remote,Micropolitan Statistical Area,-104.524448,33.409617,"Under 1,000",412,0,0
Luna Community College,Las Vegas,NM,Public,363633,2018,Luna Community College,336 Luna Drive,Las Vegas,New Mexico,87701,Rural: Fringe,Micropolitan Statistical Area,-105.250865,35.616303,"1,000 - 4,999",1093,0,1
San Juan College,Farmington,NM,Public,188100,2018,San Juan College,4601 College Blvd,Farmington,New Mexico,87402-4699,City: Small,Metropolitan Statistical Area,-108.169468,36.770446,"5,000 - 9,999",6679,0,0
Central New Mexico Community College,Albuquerque,NM,Public,187532,2018,Central New Mexico Community College,525 Buena Vista SE,Albuquerque,New Mexico,87106,City: Large,Metropolitan Statistical Area,-106.628861,35.071878,"20,000 and above",23553,0,0
Santa Fe Community College,Santa Fe,NM,Public,188137,2018,Santa Fe Community College,6401 Richards Ave,Santa Fe,New Mexico,87508-4887,Suburb: Small,Metropolitan Statistical Area,-105.998054,35.605871,"1,000 - 4,999",4207,0,0
Mesalands Community College,Tucumcari,NM,Public,188261,2018,Mesalands Community College,911 S Tenth Street,Tucumcari,New Mexico,88401-3352,Town: Remote,Not applicable,-103.736303,35.170332,"1,000 - 4,999",1068,0,0
American Samoa Community College,Pago Pago,NULL,Public,240736,2018,American Samoa Community College,P.O. Box 2609,PagoPago,American Samoa,96799-2609,Town: Remote,Not applicable,-170.742774,-14.322636,"1,000 - 4,999",1037,0,0
Palau Community College,Koror,NULL,Public,243647,2018,Palau Community College,9th Madalaii Hamlet,Koror,Palau,96940,{Not available},Not applicable,134.473744,7.343177,"Under 1,000",497,0,0
College of Southern Nevada,Las Vegas,NV,Public,182005,2018,College of Southern Nevada,6375 W. Charleston Blvd.,Las Vegas,Nevada,89146-1164,City: Large,Metropolitan Statistical Area,-115.233099,36.158114,"20,000 and above",34169,0,0
Truckee Meadows Community College,Reno,NV,Public,182500,2018,Truckee Meadows Community College,7000 Dandini Blvd,Reno,Nevada,89512-3999,City: Midsize,Metropolitan Statistical Area,-119.796975,39.571402,"10,000 - 19,999",10861,0,0
Western Nevada College,Carson City,NV,Public,182564,2018,Western Nevada College,2201 West College Parkway,Carson City,Nevada,89703-7399,City: Small,Metropolitan Statistical Area,-119.79036,39.186158,"1,000 - 4,999",3327,0,0
Monroe Community College,Rochester,NY,Public,193326,2018,Monroe Community College,1000 E Henrietta Rd,Rochester,New York,14623,Suburb: Large,Metropolitan Statistical Area,-77.610136,43.101036,"10,000 - 19,999",12273,0,0
Dutchess Community College,Poughkeepsie,NY,Public,190840,2018,Dutchess Community College,53 Pendell Rd,Poughkeepsie,New York,12601-1595,Suburb: Large,Metropolitan Statistical Area,-73.904652,41.724245,"5,000 - 9,999",8582,0,0
Mohawk Valley Community College,Utica,NY,Public,193283,2018,Mohawk Valley Community College,1101 Sherman Dr,Utica,New York,13501-5394,City: Small,Metropolitan Statistical Area,-75.219367,43.076765,"5,000 - 9,999",6317,0,0
Orange County Community College,Middletown,NY,Public,194240,2018,Orange County Community College,115 South St,Middletown,New York,10940,Suburb: Small,Metropolitan Statistical Area,-74.426028,41.438629,"5,000 - 9,999",6617,0,0
Cayuga County Community College,Auburn,NY,Public,189839,2018,Cayuga County Community College,197 Franklin Street,Auburn,New York,13021-3099,Town: Distant,Micropolitan Statistical Area,-76.542867,42.943726,"1,000 - 4,999",3775,0,0
Nassau Community College,Garden City,NY,Public,193478,2018,Nassau Community College,One Education Dr,Garden City,New York,11530-6793,Suburb: Large,Metropolitan Statistical Area,-73.595286,40.728872,"10,000 - 19,999",17406,0,0
Erie Community College,Buffalo,NY,Public,191083,2018,Erie Community College,121 Ellicott St,Buffalo,New York,14203-2698,City: Large,Metropolitan Statistical Area,-78.872679,42.881771,"10,000 - 19,999",10529,0,0
Jamestown Community College,Jamestown,NY,Public,191986,2018,Jamestown Community College,525 Falconer St,Jamestown,New York,14701,Town: Distant,Micropolitan Statistical Area,-79.218967,42.1146,"1,000 - 4,999",4476,0,0
Hudson Valley Community College,Troy,NY,Public,191719,2018,Hudson Valley Community College,80 Vandenburgh Ave,Troy,New York,12180,City: Small,Metropolitan Statistical Area,-73.683734,42.696509,"10,000 - 19,999",10896,0,0
Columbia-Greene Community College,Hudson,NY,Public,190169,2018,Columbia-Greene Community College,4400 Route 23,Hudson,New York,12534,Rural: Fringe,Micropolitan Statistical Area,-73.818113,42.217613,"1,000 - 4,999",1584,0,1
Sullivan County Community College,Loch Sheldrake,NY,Public,195988,2018,Sullivan County Community College,112 College Road,Loch Sheldrake,New York,12759-5151,Rural: Distant,Not applicable,-74.667769,41.7641,"1,000 - 4,999",1534,1,1
Niagara County Community College,Sanborn,NY,Public,193946,2018,Niagara County Community College,3111 Saunders Settlement Rd,Sanborn,New York,14132,Rural: Fringe,Metropolitan Statistical Area,-78.87579,43.147701,"5,000 - 9,999",5047,0,1
Jefferson Community College,Watertown,NY,Public,192022,2018,Jefferson Community College,1220 Coffeen St,Watertown,New York,13601-1897,City: Small,Metropolitan Statistical Area,-75.935051,43.992827,"1,000 - 4,999",3277,0,0
Herkimer County Community College,Herkimer,NY,Public,191612,2018,Herkimer County Community College,100 Reservoir Rd,Herkimer,New York,13350-1598,Rural: Fringe,Metropolitan Statistical Area,-75.007206,43.032738,"1,000 - 4,999",2398,0,1
Fulton-Montgomery Community College,Johnstown,NY,Public,191302,2018,Fulton-Montgomery Community College,2805 State Hwy 67,Johnstown,New York,12095-3790,Rural: Fringe,Micropolitan Statistical Area,-74.297492,42.983805,"1,000 - 4,999",2451,0,1
Genesee Community College,Batavia,NY,Public,191339,2018,Genesee Community College,One College Rd,Batavia,New York,14020,Town: Distant,Micropolitan Statistical Area,-78.137586,43.016584,"5,000 - 9,999",5530,0,0
Finger Lakes Community College,Canandaigua,NY,Public,191199,2018,Finger Lakes Community College,3325 Marvin Sands Drive,Canandaigua,New York,14424-8395,Rural: Fringe,Metropolitan Statistical Area,-77.241801,42.867556,"5,000 - 9,999",5944,0,1
Schenectady County Community College,Schenectady,NY,Public,195322,2018,Schenectady County Community College,78 Washington Avenue,Schenectady,New York,12305,City: Small,Metropolitan Statistical Area,-73.950008,42.814412,"5,000 - 9,999",5231,0,0
North Country Community College,Saranac Lake,NY,Public,194028,2018,North Country Community College,23 Santanoni Avenue,Saranac Lake,New York,12983-0089,Town: Remote,Not applicable,-74.119981,44.318645,"1,000 - 4,999",1978,0,0
Suffolk County Community College,Selden,NY,Public,366395,2018,Suffolk County Community College,533 College Rd,Selden,New York,11784-2899,Suburb: Large,Metropolitan Statistical Area,-73.056165,40.848963,"20,000 and above",26078,0,0
SUNY Broome Community College,Binghamton,NY,Public,189547,2018,SUNY Broome Community College,907 Upper Front St,Binghamton,New York,13905,Suburb: Midsize,Metropolitan Statistical Area,-75.908065,42.135872,"5,000 - 9,999",6507,0,0
Corning Community College,Corning,NY,Public,190442,2018,Corning Community College,1 Academic Dr,Corning,New York,14830,Rural: Fringe,Micropolitan Statistical Area,-77.072138,42.116736,"1,000 - 4,999",3424,0,1
Rockland Community College,Suffern,NY,Public,195058,2018,Rockland Community College,145 College Rd,Suffern,New York,10901-3699,Suburb: Large,Metropolitan Statistical Area,-74.085969,41.133929,"5,000 - 9,999",6859,0,0
Onondaga Community College,Syracuse,NY,Public,194222,2018,Onondaga Community College,4585 West Seneca Turnpike,Syracuse,New York,13215-4585,Suburb: Large,Metropolitan Statistical Area,-76.197878,43.006329,"5,000 - 9,999",9834,0,0
Tompkins Cortland Community College,Dryden,NY,Public,196565,2018,Tompkins Cortland Community College,170 North St,Dryden,New York,13053-0139,Town: Fringe,Metropolitan Statistical Area,-76.287586,42.502006,"1,000 - 4,999",2373,0,0
St. Joseph's College of Nursing,Syracuse,NY,"Private, not-for-profit",195191,2018,St. Joseph's College of Nursing,206 Prospect Ave,Syracuse,New York,13203,City: Midsize,Metropolitan Statistical Area,-76.148355,43.055355,"Under 1,000",318,0,0
Edison State Community College,Piqua,OH,Public,202648,2018,Edison State Community College,1973 Edison Dr,Piqua,Ohio,45356-9239,Rural: Fringe,Metropolitan Statistical Area,-84.212385,40.157699,"1,000 - 4,999",3676,0,1
Terra State Community College,Fremont,OH,Public,206011,2018,Terra State Community College,2830 Napoleon Rd,Fremont,Ohio,43420-9670,Rural: Fringe,Micropolitan Statistical Area,-83.157799,41.354111,"1,000 - 4,999",2228,0,1
Lakeland Community College,Kirtland,OH,Public,203599,2018,Lakeland Community College,7700 Clocktower Drive,Kirtland,Ohio,44094-5198,Suburb: Large,Metropolitan Statistical Area,-81.364723,41.637463,"5,000 - 9,999",6865,0,0
Hocking College,Nelsonville,OH,Public,203155,2018,Hocking College,3301 Hocking Parkway,Nelsonville,Ohio,45764,Town: Distant,Micropolitan Statistical Area,-82.220791,39.441954,"1,000 - 4,999",3462,0,0
Belmont College,St Clairsville,OH,Public,201283,2018,Belmont College,68094 Hammond Road,St Clairsville,Ohio,43950,Rural: Fringe,Metropolitan Statistical Area,-80.964901,40.07695,"Under 1,000",982,0,1
North Central State College,Mansfield,OH,Public,204422,2018,North Central State College,2441 Kenwood Circle,Mansfield,Ohio,44901-0698,Rural: Fringe,Metropolitan Statistical Area,-82.581582,40.798777,"1,000 - 4,999",2963,0,1
Northwest State Community College,Archbold,OH,Public,204440,2018,Northwest State Community College,22600 State Route 34,Archbold,Ohio,43502-9542,Rural: Distant,Not applicable,-84.297855,41.450596,"1,000 - 4,999",2377,1,1
Lorain County Community College,Elyria,OH,Public,203748,2018,Lorain County Community College,1005 North Abbe Rd,Elyria,Ohio,44035-1691,City: Small,Metropolitan Statistical Area,-82.073549,41.413293,"10,000 - 19,999",10644,0,0
Washington State Community College,Marietta,OH,Public,206446,2018,Washington State Community College,710 Colegate Dr,Marietta,Ohio,45750,Rural: Fringe,Micropolitan Statistical Area,-81.43392,39.430824,"1,000 - 4,999",1797,0,1
Eastern Gateway Community College,Steubenville,OH,Public,203331,2018,Eastern Gateway Community College,4000 Sunset Blvd,Steubenville,Ohio,43952-3598,City: Small,Metropolitan Statistical Area,-80.672337,40.376056,"10,000 - 19,999",13940,0,0
Chatfield College,St. Martin,OH,"Private, not-for-profit",201751,2018,Chatfield College,20918 State Route 251,Saint Martin,Ohio,45118-9705,Rural: Distant,Metropolitan Statistical Area,-83.887153,39.210369,"Under 1,000",247,1,1
Clark State Community College,Springfield,OH,Public,201973,2018,Clark State Community College,570 E Leffel Ln,Springfield,Ohio,45501-0570,City: Small,Metropolitan Statistical Area,-83.799788,39.896411,"5,000 - 9,999",5704,0,0
Stark State College,North Canton,OH,Public,205841,2018,Stark State College,6200 Frank Ave NW,North Canton,Ohio,44720,Suburb: Large,Metropolitan Statistical Area,-81.439017,40.870597,"10,000 - 19,999",11654,0,0
Sinclair Community College,Dayton,OH,Public,205470,2018,Sinclair Community College,444 W. Third St.,Dayton,Ohio,45402-1460,City: Midsize,Metropolitan Statistical Area,-84.200628,39.757598,"10,000 - 19,999",18576,0,0
Columbus State Community College,Columbus,OH,Public,202222,2018,Columbus State Community College,550 E Spring St,Columbus,Ohio,43215,City: Large,Metropolitan Statistical Area,-82.98766,39.96887,"20,000 and above",27343,0,0
Cuyahoga Community College District,Cleveland,OH,Public,202356,2018,Cuyahoga Community College District,700 Carnegie Ave,Cleveland,Ohio,44115-2878,City: Large,Metropolitan Statistical Area,-81.683533,41.494906,"20,000 and above",23440,0,0
Marion Technical College,Marion,OH,Public,203881,2018,Marion Technical College,1467 Mount Vernon Ave,Marion,Ohio,43302-5694,Town: Distant,Micropolitan Statistical Area,-83.089156,40.577017,"1,000 - 4,999",2395,0,0
Owens Community College,Toledo,OH,Public,204945,2018,Owens Community College,30335 Oregon Rd,Perrysburg,Ohio,43551,Suburb: Large,Metropolitan Statistical Area,-83.538634,41.587998,"5,000 - 9,999",9460,0,0
Zane State College,Zanesville,OH,Public,204255,2018,Zane State College,1555 Newark Rd,Zanesville,Ohio,43701-2626,Town: Distant,Micropolitan Statistical Area,-82.031198,39.96241,"1,000 - 4,999",2275,0,0
Central Ohio Technical College,Newark,OH,Public,201672,2018,Central Ohio Technical College,1179 University Drive,Newark,Ohio,43055-1767,Suburb: Small,Metropolitan Statistical Area,-82.447441,40.069314,"1,000 - 4,999",3442,0,0
Southern State Community College,Hillsboro,OH,Public,205966,2018,Southern State Community College,100 Hobart Drive,Hillsboro,Ohio,45133-9406,Town: Distant,Not applicable,-83.614085,39.236924,"1,000 - 4,999",2455,0,0
Davis College,Toledo,OH,Proprietary,202435,2018,Davis College,4747 Monroe St,Toledo,Ohio,43623,City: Large,Metropolitan Statistical Area,-83.629753,41.692513,"Under 1,000",71,0,0
Carl Albert State College,Poteau,OK,Public,206923,2018,Carl Albert State College,1507 S McKenna,Poteau,Oklahoma,74953-5208,Town: Distant,Metropolitan Statistical Area,-94.633986,35.039173,"1,000 - 4,999",1900,0,0
Connors State College,Warner,OK,Public,206996,2018,Connors State College,700 College Road,Warner,Oklahoma,74469,Rural: Remote,Micropolitan Statistical Area,-95.319541,35.492873,"1,000 - 4,999",2090,1,1
Oklahoma City Community College,Oklahoma City,OK,Public,207449,2018,Oklahoma City Community College,7777 S May Ave,Oklahoma City,Oklahoma,73159-9987,City: Large,Metropolitan Statistical Area,-97.570109,35.387699,"10,000 - 19,999",12039,0,0
Rose State College,Midwest City,OK,Public,207670,2018,Rose State College,6420 S E 15th,Midwest City,Oklahoma,73110-2799,Suburb: Large,Metropolitan Statistical Area,-97.414113,35.44372,"5,000 - 9,999",7420,0,0
Redlands Community College,El Reno,OK,Public,207069,2018,Redlands Community College,1300 S Country Club Rd,El Reno,Oklahoma,73036-5304,Town: Distant,Metropolitan Statistical Area,-97.974592,35.518475,"1,000 - 4,999",1929,0,0
Tulsa Community College,Tulsa,OK,Public,207935,2018,Tulsa Community College,6111 E Skelly Dr,Tulsa,Oklahoma,74135-6198,City: Large,Metropolitan Statistical Area,-95.90825,36.106788,"10,000 - 19,999",16475,0,0
Murray State College,Tishomingo,OK,Public,207236,2018,Murray State College,One Murray Campus,Tishomingo,Oklahoma,73460,Rural: Distant,Not applicable,-96.677906,34.222949,"1,000 - 4,999",2143,1,1
Western Oklahoma State College,Altus,OK,Public,208035,2018,Western Oklahoma State College,2801 N Main St,Altus,Oklahoma,73521-1397,Town: Remote,Micropolitan Statistical Area,-99.33699,34.669018,"1,000 - 4,999",1278,0,0
Northern Oklahoma College,Tonkawa,OK,Public,207281,2018,Northern Oklahoma College,1220 E Grand Ave,Tonkawa,Oklahoma,74653,Town: Remote,Micropolitan Statistical Area,-97.295887,36.678649,"1,000 - 4,999",4181,0,0
Eastern Oklahoma State College,Wilburton,OK,Public,207050,2018,Eastern Oklahoma State College,1301 W Main St,Wilburton,Oklahoma,74578-4999,Town: Remote,Not applicable,-95.328995,34.914079,"1,000 - 4,999",1541,0,0
Seminole State College,Seminole,OK,Public,207740,2018,Seminole State College,2701 Boren Blvd,Seminole,Oklahoma,74868-1901,Town: Distant,Not applicable,-96.704908,35.249515,"1,000 - 4,999",1602,0,0
Rogue Community College,Grants Pass,OR,Public,209940,2018,Rogue Community College,3345 Redwood Hwy,Grants Pass,Oregon,97527-9291,Rural: Fringe,Metropolitan Statistical Area,-123.39326,42.412159,"1,000 - 4,999",4842,0,1
Mt Hood Community College,Gresham,OR,Public,209250,2018,Mt Hood Community College,26000 SE Stark St,Gresham,Oregon,97030,Suburb: Large,Metropolitan Statistical Area,-122.396972,45.514862,"5,000 - 9,999",8612,0,0
Umpqua Community College,Roseburg,OR,Public,210270,2018,Umpqua Community College,1140 Umpqua College Rd.,Roseburg,Oregon,97470-0226,Rural: Fringe,Micropolitan Statistical Area,-123.332475,43.289317,"1,000 - 4,999",2703,0,1
Southwestern Oregon Community College,Coos Bay,OR,Public,210155,2018,Southwestern Oregon Community College,1988 Newmark Ave,Coos Bay,Oregon,97420-2193,Town: Remote,Micropolitan Statistical Area,-124.25224,43.395327,"1,000 - 4,999",2157,0,0
Blue Mountain Community College,Pendleton,OR,Public,208275,2018,Blue Mountain Community College,2411 NW Carden Ave,Pendleton,Oregon,97801,Rural: Fringe,Micropolitan Statistical Area,-118.816944,45.677313,"1,000 - 4,999",1681,0,1
Linn-Benton Community College,Albany,OR,Public,209074,2018,Linn-Benton Community College,6500 Pacific Blvd SW,Albany,Oregon,97321,City: Small,Metropolitan Statistical Area,-123.11403,44.587663,"5,000 - 9,999",5559,0,0
Treasure Valley Community College,Ontario,OR,Public,210234,2018,Treasure Valley Community College,650 College Blvd,Ontario,Oregon,97914,Town: Distant,Micropolitan Statistical Area,-116.974487,44.020811,"1,000 - 4,999",1866,0,0
Chemeketa Community College,Salem,OR,Public,208390,2018,Chemeketa Community College,4000 Lancaster Dr NE,Salem,Oregon,97305,Suburb: Midsize,Metropolitan Statistical Area,-122.978076,44.978655,"10,000 - 19,999",10151,0,0
Clatsop Community College,Astoria,OR,Public,208415,2018,Clatsop Community College,1651 Lexington Avenue,Astoria,Oregon,97103,Rural: Fringe,Micropolitan Statistical Area,-123.823339,46.183107,"Under 1,000",815,0,1
Clackamas Community College,Oregon City,OR,Public,208406,2018,Clackamas Community College,19600 Molalla Ave,Oregon City,Oregon,97045-8980,Suburb: Large,Metropolitan Statistical Area,-122.574272,45.323185,"5,000 - 9,999",6064,0,0
Portland Community College,Portland,OR,Public,209746,2018,Portland Community College,12000 SW 49th Avenue,Portland,Oregon,97219-7132,City: Large,Metropolitan Statistical Area,-122.730876,45.438154,"20,000 and above",27046,0,0
Lane Community College,Eugene,OR,Public,209038,2018,Lane Community College,4000 E 30th Ave,Eugene,Oregon,97405-0640,Rural: Fringe,Metropolitan Statistical Area,-123.032644,44.009325,"5,000 - 9,999",9029,0,1
Central Oregon Community College,Bend,OR,Public,208318,2018,Central Oregon Community College,2600 NW College Way,Bend,Oregon,97703,City: Small,Metropolitan Statistical Area,-121.348585,44.071401,"1,000 - 4,999",4872,0,0
Tillamook Bay Community College,Tillamook,OR,Public,420723,2018,Tillamook Bay Community College,4301 Third St.,Tillamook,Oregon,97141,Rural: Fringe,Not applicable,-123.813624,45.456603,"Under 1,000",445,0,1
Columbia Gorge Community College,The Dalles,OR,Public,420556,2018,Columbia Gorge Community College,400 E Scenic Dr,The Dalles,Oregon,97058,Town: Remote,Micropolitan Statistical Area,-121.190197,45.590724,"Under 1,000",803,0,0
Oregon Coast Community College,Newport,OR,Public,423652,2018,Oregon Coast Community College,400 SE College Way,Newport,Oregon,97366,Rural: Fringe,Micropolitan Statistical Area,-124.046973,44.603136,"Under 1,000",409,0,1
Klamath Community College,Klamath Falls,OR,Public,428392,2018,Klamath Community College,7390 South Sixth Street,Klamath Falls,Oregon,97603-7121,Town: Remote,Micropolitan Statistical Area,-121.698855,42.195028,"1,000 - 4,999",1514,0,0
Harcum College,Bryn Mawr,PA,"Private, not-for-profit",212869,2018,Harcum College,750 Montgomery Ave,Bryn Mawr,Pennsylvania,19010-3470,Suburb: Large,Metropolitan Statistical Area,-75.314801,40.022582,"1,000 - 4,999",1343,0,0
Manor College,Jenkintown,PA,"Private, not-for-profit",213774,2018,Manor College,700 Fox Chase Rd,Jenkintown,Pennsylvania,19046-3399,Suburb: Large,Metropolitan Statistical Area,-75.104786,40.08714,"Under 1,000",747,0,0
Reading Area Community College,Reading,PA,Public,215585,2018,Reading Area Community College,10 S Second St,Reading,Pennsylvania,19602,City: Small,Metropolitan Statistical Area,-75.935086,40.334861,"1,000 - 4,999",4199,0,0
Bucks County Community College,Newtown,PA,Public,211307,2018,Bucks County Community College,275 Swamp Rd,Newtown,Pennsylvania,18940-4106,Rural: Fringe,Metropolitan Statistical Area,-74.965841,40.239102,"5,000 - 9,999",7761,0,1
Westmoreland County Community College,Youngwood,PA,Public,216825,2018,Westmoreland County Community College,145 Pavilion Lane,Youngwood,Pennsylvania,15697-1895,Rural: Fringe,Metropolitan Statistical Area,-79.564897,40.234321,"1,000 - 4,999",4848,0,1
Valley Forge Military College,Wayne,PA,"Private, not-for-profit",216551,2018,Valley Forge Military College,1001 Eagle Rd,Wayne,Pennsylvania,19087-3695,Suburb: Large,Metropolitan Statistical Area,-75.382097,40.053697,"Under 1,000",306,0,0
Lehigh Carbon Community College,Schnecksville,PA,Public,213525,2018,Lehigh Carbon Community College,4525 Education Park Dr,Schnecksville,Pennsylvania,18078-2598,Suburb: Large,Metropolitan Statistical Area,-75.610715,40.66474,"5,000 - 9,999",7109,0,0
Montgomery County Community College,Blue Bell,PA,Public,214111,2018,Montgomery County Community College,340 Dekalb Pike,Blue Bell,Pennsylvania,19422-0796,Suburb: Large,Metropolitan Statistical Area,-75.276093,40.175609,"10,000 - 19,999",10451,0,0
Community College of Beaver County,Monaca,PA,Public,211079,2018,Community College of Beaver County,1 Campus Drive,Monaca,Pennsylvania,15061-2588,Suburb: Large,Metropolitan Statistical Area,-80.305876,40.655601,"1,000 - 4,999",2254,0,0
Delaware County Community College,Media,PA,Public,211927,2018,Delaware County Community College,901 S Media Line Rd,Media,Pennsylvania,19063-1094,Suburb: Large,Metropolitan Statistical Area,-75.39308,39.966724,"10,000 - 19,999",11314,0,0
Community College of Philadelphia,Philadelphia,PA,Public,215239,2018,Community College of Philadelphia,1700 Spring Garden St,Philadelphia,Pennsylvania,19130-3991,City: Large,Metropolitan Statistical Area,-75.165604,39.962458,"10,000 - 19,999",16672,0,0
Butler County Community College,Butler,PA,Public,211343,2018,Butler County Community College,107 College Drive,Butler,Pennsylvania,16002,Town: Fringe,Metropolitan Statistical Area,-79.911433,40.829364,"1,000 - 4,999",3305,0,0
Lackawanna College,Scranton,PA,"Private, not-for-profit",213376,2018,Lackawanna College,501 Vine St,Scranton,Pennsylvania,18509-3206,City: Small,Metropolitan Statistical Area,-75.658963,41.411556,"1,000 - 4,999",1873,0,0
Harrisburg Area Community College,Harrisburg,PA,Public,212878,2018,Harrisburg Area Community College,1 HACC Dr.,Harrisburg,Pennsylvania,17110-2999,City: Small,Metropolitan Statistical Area,-76.886408,40.296777,"10,000 - 19,999",18081,0,0
Luzerne County Community College,Nanticoke,PA,Public,213659,2018,Luzerne County Community College,1333 South Prospect Street,Nanticoke,Pennsylvania,18634-3899,Suburb: Large,Metropolitan Statistical Area,-75.991095,41.194728,"1,000 - 4,999",4984,0,0
Community College of Allegheny County,Pittsburgh,PA,Public,210605,2018,Community College of Allegheny County,800 Allegheny Ave,Pittsburgh,Pennsylvania,15233-1895,City: Large,Metropolitan Statistical Area,-80.018453,40.450908,"10,000 - 19,999",16086,0,0
Pennsylvania Institute of Technology,Media,PA,"Private, not-for-profit",214582,2018,Pennsylvania Institute of Technology,800 Manchester Ave,Media,Pennsylvania,19063-4098,Suburb: Large,Metropolitan Statistical Area,-75.38893,39.908335,"Under 1,000",404,0,0
Thaddeus Stevens College of Technology,Lancaster,PA,Public,216296,2018,Thaddeus Stevens College of Technology,750 E King St,Lancaster,Pennsylvania,17602-3198,City: Small,Metropolitan Statistical Area,-76.288718,40.037951,"1,000 - 4,999",1233,0,0
Pennsylvania Highlands Community College,Johnstown,PA,Public,414911,2018,Pennsylvania Highlands Community College,101 Community College Way,Johnstown,Pennsylvania,15904-2949,Suburb: Small,Metropolitan Statistical Area,-78.837175,40.26408,"1,000 - 4,999",2658,0,0
Pittsburgh Technical College,Oakdale,PA,Proprietary,215415,2018,Pittsburgh Technical College,1111 McKee Road,Oakdale,Pennsylvania,15071,Rural: Fringe,Metropolitan Statistical Area,-80.189404,40.424679,"1,000 - 4,999",1651,0,1
Community College of Rhode Island,Warwick,RI,Public,217475,2018,Community College of Rhode Island,400 East Ave,Warwick,Rhode Island,02886-1807,City: Small,Metropolitan Statistical Area,-71.481509,41.712817,"10,000 - 19,999",14539,0,0
York Technical College,Rock Hill,SC,Public,218991,2018,York Technical College,452 S Anderson Rd,Rock Hill,South Carolina,29730,City: Small,Metropolitan Statistical Area,-80.995273,34.934416,"1,000 - 4,999",4253,0,0
Williamsburg Technical College,Kingstree,SC,Public,218955,2018,Williamsburg Technical College,601 Martin Luther King Jr Ave,Kingstree,South Carolina,29556-4197,Town: Distant,Not applicable,-79.817984,33.657085,"Under 1,000",737,0,0
Piedmont Technical College,Greenwood,SC,Public,218520,2018,Piedmont Technical College,620 North Emerald Road,Greenwood,South Carolina,29646,Town: Distant,Micropolitan Statistical Area,-82.120635,34.207415,"1,000 - 4,999",4491,0,0
Central Carolina Technical College,Sumter,SC,Public,218858,2018,Central Carolina Technical College,506 N Guignard Dr,Sumter,South Carolina,29150-2499,City: Small,Metropolitan Statistical Area,-80.37101,33.933342,"1,000 - 4,999",3550,0,0
Tri-County Technical College,Pendleton,SC,Public,218885,2018,Tri-County Technical College,7900 U.S. Hwy 76,Pendleton,South Carolina,29670,Suburb: Large,Metropolitan Statistical Area,-82.792015,34.641914,"5,000 - 9,999",6082,0,0
Greenville Technical College,Greenville,SC,Public,218113,2018,Greenville Technical College,506 S Pleasantburg Dr,Greenville,South Carolina,29606,City: Small,Metropolitan Statistical Area,-82.371178,34.826212,"10,000 - 19,999",10864,0,0
Technical College of the Lowcountry,Beaufort,SC,Public,217712,2018,Technical College of the Lowcountry,921 Ribaut Road,Beaufort,South Carolina,29901-1288,Town: Distant,Metropolitan Statistical Area,-80.689468,32.420197,"1,000 - 4,999",2247,0,0
Northeastern Technical College,Cheraw,SC,Public,217837,2018,Northeastern Technical College,1201 Chesterfield Hwy.,Cheraw,South Carolina,29520,Rural: Fringe,Not applicable,-79.939245,34.698248,"1,000 - 4,999",1275,0,1
Aiken Technical College,Aiken,SC,Public,217615,2018,Aiken Technical College,2276 Jefferson Davis Highway,Graniteville,South Carolina,29829,Rural: Fringe,Metropolitan Statistical Area,-81.841666,33.533833,"1,000 - 4,999",2267,0,1
Florence-Darlington Technical College,Florence,SC,Public,218025,2018,Florence-Darlington Technical College,2715 W. Lucas Street,Florence,South Carolina,29501-0548,Suburb: Small,Metropolitan Statistical Area,-79.81469,34.243882,"1,000 - 4,999",4182,0,0
Midlands Technical College,Columbia,SC,Public,218353,2018,Midlands Technical College,1260 Lexington Drive,West Columbia,South Carolina,29170-2176,Suburb: Large,Metropolitan Statistical Area,-81.115761,33.949325,"5,000 - 9,999",9892,0,0
Spartanburg Community College,Spartanburg,SC,Public,218830,2018,Spartanburg Community College,107 Community College Drive,Spartanburg,South Carolina,29303,Suburb: Midsize,Metropolitan Statistical Area,-81.989811,34.974587,"1,000 - 4,999",4534,0,0
Horry-Georgetown Technical College,Conway,SC,Public,218140,2018,Horry-Georgetown Technical College,2050 Highway 501 East,Conway,South Carolina,29526,City: Small,Metropolitan Statistical Area,-79.003611,33.79614,"5,000 - 9,999",6788,0,0
Denmark Technical College,Denmark,SC,Public,217989,2018,Denmark Technical College,1126 Solomon Blatt Blvd,Denmark,South Carolina,29042,Rural: Fringe,Not applicable,-81.123629,33.313355,"Under 1,000",489,0,1
Spartanburg Methodist College,Spartanburg,SC,"Private, not-for-profit",218821,2018,Spartanburg Methodist College,1000 Powell Mill Road,Spartanburg,South Carolina,29301-5899,Suburb: Midsize,Metropolitan Statistical Area,-81.970863,34.955117,"Under 1,000",869,0,0
Western Dakota Technical Institute,Rapid City,SD,Public,219480,2018,Western Dakota Technical Institute,800 Mickelson Dr,Rapid City,South Dakota,57703-4018,Rural: Fringe,Metropolitan Statistical Area,-103.179501,44.076648,"1,000 - 4,999",1061,0,1
Lake Area Technical Institute,Watertown,SD,Public,219143,2018,Lake Area Technical Institute,1201 Arrow Avenue,Watertown,South Dakota,57201-0730,Town: Remote,Micropolitan Statistical Area,-97.095229,44.901714,"1,000 - 4,999",2245,0,0
Mitchell Technical Institute,Mitchell,SD,Public,219189,2018,Mitchell Technical Institute,1800 E. Spruce Street,Mitchell,South Dakota,57301,Rural: Fringe,Micropolitan Statistical Area,-98.002505,43.688663,"1,000 - 4,999",1198,0,1
Southeast Technical Institute,Sioux Falls,SD,Public,219426,2018,Southeast Technical Institute,2320 N Career Ave,Sioux Falls,South Dakota,57107-1301,Rural: Fringe,Metropolitan Statistical Area,-96.780241,43.570446,"1,000 - 4,999",2166,0,1
Roane State Community College,Harriman,TN,Public,221397,2018,Roane State Community College,276 Patton Lane,Harriman,Tennessee,37748,Town: Distant,Metropolitan Statistical Area,-84.620051,35.880911,"5,000 - 9,999",5688,0,0
Jackson State Community College,Jackson,TN,Public,220400,2018,Jackson State Community College,2046 North Pky,Jackson,Tennessee,38301-3797,City: Small,Metropolitan Statistical Area,-88.780005,35.645571,"1,000 - 4,999",4862,0,0
Dyersburg State Community College,Dyersburg,TN,Public,220057,2018,Dyersburg State Community College,1510 Lake Rd,Dyersburg,Tennessee,38024-2411,Town: Distant,Micropolitan Statistical Area,-89.390791,36.047565,"1,000 - 4,999",2977,0,0
Cleveland State Community College,Cleveland,TN,Public,219879,2018,Cleveland State Community College,3535 Adkisson Drive,Cleveland,Tennessee,37312,City: Small,Metropolitan Statistical Area,-84.879284,35.200103,"1,000 - 4,999",3264,0,0
Volunteer State Community College,Gallatin,TN,Public,222053,2018,Volunteer State Community College,1480 Nashville Pike,Gallatin,Tennessee,37066-3188,Suburb: Large,Metropolitan Statistical Area,-86.497127,36.362518,"5,000 - 9,999",9154,0,0
Motlow State Community College,Lynchburg,TN,Public,221096,2018,Motlow State Community College,6015 Ledford Mill Road,Tullahoma,Tennessee,37388,Rural: Fringe,Micropolitan Statistical Area,-86.299184,35.365903,"5,000 - 9,999",6886,0,1
Columbia State Community College,Columbia,TN,Public,219888,2018,Columbia State Community College,1665 Hampshire Pike,Columbia,Tennessee,38401,Town: Distant,Metropolitan Statistical Area,-87.101917,35.616757,"5,000 - 9,999",6221,0,0
Nashville State Community College,Nashville,TN,Public,221184,2018,Nashville State Community College,120 White Bridge Rd,Nashville,Tennessee,37209-4515,City: Large,Metropolitan Statistical Area,-86.857342,36.134857,"5,000 - 9,999",8284,0,0
Walters State Community College,Morristown,TN,Public,222062,2018,Walters State Community College,500 South Davy Crockett Parkway,Morristown,Tennessee,37813-6899,City: Small,Metropolitan Statistical Area,-83.262503,36.213179,"5,000 - 9,999",6144,0,0
Southwest Tennessee Community College,Memphis,TN,Public,221485,2018,Southwest Tennessee Community College,737 Union Avenue,Memphis,Tennessee,38103,City: Large,Metropolitan Statistical Area,-90.036723,35.138532,"5,000 - 9,999",9347,0,0
Chattanooga State Community College,Chattanooga,TN,Public,219824,2018,Chattanooga State Community College,4501 Amnicola Hwy,Chattanooga,Tennessee,37406-1097,City: Midsize,Metropolitan Statistical Area,-85.237389,35.100202,"5,000 - 9,999",8241,0,0
Pellissippi State Community College,Knoxville,TN,Public,221643,2018,Pellissippi State Community College,10915 Hardin Valley Road,Knoxville,Tennessee,37933-0990,Suburb: Large,Metropolitan Statistical Area,-84.166504,35.948303,"10,000 - 19,999",10894,0,0
John A Gupton College,Nashville,TN,"Private, not-for-profit",220464,2018,John A Gupton College,1616 Church St,Nashville,Tennessee,37203-2954,City: Large,Metropolitan Statistical Area,-86.7948,36.156633,"Under 1,000",168,0,0
Northeast State Community College,Blountville,TN,Public,221908,2018,Northeast State Community College,2425 Hwy 75,Blountville,Tennessee,37617-0246,Rural: Fringe,Metropolitan Statistical Area,-82.408885,36.484961,"5,000 - 9,999",6139,0,1
Coastal Bend College,Beeville,TX,Public,223320,2018,Coastal Bend College,3800 Charco Rd,Beeville,Texas,78102,Town: Distant,Micropolitan Statistical Area,-97.755896,28.435194,"1,000 - 4,999",4614,0,0
Temple College,Temple,TX,Public,228608,2018,Temple College,2600 S 1st St,Temple,Texas,76504-7435,City: Small,Metropolitan Statistical Area,-97.350471,31.070715,"1,000 - 4,999",4911,0,0
Victoria College,Victoria,TX,Public,229540,2018,Victoria College,2200 E Red River,Victoria,Texas,77901,City: Small,Metropolitan Statistical Area,-96.979226,28.816446,"1,000 - 4,999",3860,0,0
Western Texas College,Snyder,TX,Public,229832,2018,Western Texas College,6200 College Ave,Snyder,Texas,79549,Town: Remote,Micropolitan Statistical Area,-100.914945,32.678458,"1,000 - 4,999",2179,0,0
Ranger College,Ranger,TX,Public,227687,2018,Ranger College,1100 College Circle,Ranger,Texas,76470,Rural: Distant,Not applicable,-98.685215,32.456773,"1,000 - 4,999",2414,1,1
Texarkana College,Texarkana,TX,Public,228699,2018,Texarkana College,2500 N Robison Rd,Texarkana,Texas,75599,City: Small,Metropolitan Statistical Area,-94.078,33.441868,"1,000 - 4,999",4239,0,0
McLennan Community College,Waco,TX,Public,226578,2018,McLennan Community College,1400 College Dr,Waco,Texas,76708,City: Midsize,Metropolitan Statistical Area,-97.171228,31.58947,"5,000 - 9,999",8955,0,0
Lone Star College System,The Woodlands,TX,Public,227182,2018,Lone Star College System,5000 Research Forest Drive,The Woodlands,Texas,77381-4399,City: Small,Metropolitan Statistical Area,-95.488103,30.18737,"20,000 and above",73499,0,0
Howard College,Big Spring,TX,Public,225520,2018,Howard College,1001 Birdwell Lane,Big Spring,Texas,79720,Town: Distant,Micropolitan Statistical Area,-101.450104,32.252292,"1,000 - 4,999",4485,0,0
North Central Texas College,Gainesville,TX,Public,224110,2018,North Central Texas College,1525 W California Street,Gainesville,Texas,76240-4699,Town: Distant,Micropolitan Statistical Area,-97.1658,33.6188,"10,000 - 19,999",10525,0,0
Panola College,Carthage,TX,Public,227386,2018,Panola College,1109 W Panola Street,Carthage,Texas,75633-2397,Town: Distant,Not applicable,-94.356355,32.156214,"1,000 - 4,999",2766,0,0
Mountain View College,Dallas,TX,Public,226930,2018,Mountain View College,4849 West Illinois Ave.,Dallas,Texas,75211-6599,City: Large,Metropolitan Statistical Area,-96.903565,32.726735,"10,000 - 19,999",11619,0,0
Navarro College,Corsicana,TX,Public,227146,2018,Navarro College,3200 W 7th Avenue,Corsicana,Texas,75110,Town: Distant,Micropolitan Statistical Area,-96.498731,32.076061,"5,000 - 9,999",8601,0,0
Midland College,Midland,TX,Public,226806,2018,Midland College,3600 N Garfield,Midland,Texas,79705,City: Midsize,Metropolitan Statistical Area,-102.106153,32.029646,"5,000 - 9,999",5452,0,0
Tarrant County College District,Fort Worth,TX,Public,228547,2018,Tarrant County College District,1500 Houston St,Fort Worth,Texas,76102-6524,City: Large,Metropolitan Statistical Area,-97.327941,32.747495,"20,000 and above",51100,0,0
Del Mar College,Corpus Christi,TX,Public,224350,2018,Del Mar College,101 Baldwin Blvd.,Corpus Christi,Texas,78404-3897,City: Large,Metropolitan Statistical Area,-97.40762,27.763619,"10,000 - 19,999",11867,0,0
Wharton County Junior College,Wharton,TX,Public,229841,2018,Wharton County Junior College,911 Boling Hwy,Wharton,Texas,77488,Town: Distant,Micropolitan Statistical Area,-96.085815,29.3238,"5,000 - 9,999",6768,0,0
Richland College,Dallas,TX,Public,227766,2018,Richland College,12800 Abrams Rd.,Dallas,Texas,75243-2199,City: Large,Metropolitan Statistical Area,-96.730498,32.922135,"20,000 and above",20032,0,0
Paris Junior College,Paris,TX,Public,227401,2018,Paris Junior College,2400 Clarksville St,Paris,Texas,75460,Town: Remote,Micropolitan Statistical Area,-95.529177,33.650929,"1,000 - 4,999",4959,0,0
Clarendon College,Clarendon,TX,Public,223922,2018,Clarendon College,1122 College Drive,Clarendon,Texas,79226,Rural: Remote,Not applicable,-100.902421,34.944558,"1,000 - 4,999",1844,1,1
Kilgore College,Kilgore,TX,Public,226019,2018,Kilgore College,1100 Broadway,Kilgore,Texas,75662-3299,Town: Fringe,Metropolitan Statistical Area,-94.871468,32.377821,"1,000 - 4,999",4866,0,0
Vernon College,Vernon,TX,Public,229504,2018,Vernon College,4400 College Dr.,Vernon,Texas,76384-4092,Rural: Fringe,Micropolitan Statistical Area,-99.319094,34.159298,"1,000 - 4,999",3054,0,1
San Antonio College,San Antonio,TX,Public,227924,2018,San Antonio College,"1819 N. Main Ave.,",San Antonio,Texas,78212-3941,City: Large,Metropolitan Statistical Area,-98.497647,29.44634,"10,000 - 19,999",17573,0,0
College of the Mainland,Texas City,TX,Public,226408,2018,College of the Mainland,1200 Amburn Road,Texas City,Texas,77591-2499,Suburb: Midsize,Metropolitan Statistical Area,-94.999602,29.39581,"1,000 - 4,999",4673,0,0
El Centro College,Dallas,TX,Public,224615,2018,El Centro College,801 Main Street,Dallas,Texas,75202-3604,City: Large,Metropolitan Statistical Area,-96.805353,32.779811,"10,000 - 19,999",11729,0,0
Eastfield College,Mesquite,TX,Public,224572,2018,Eastfield College,3737 Motley Dr,Mesquite,Texas,75150-2099,Suburb: Large,Metropolitan Statistical Area,-96.659462,32.815673,"10,000 - 19,999",16769,0,0
Cisco College,Cisco,TX,Public,223898,2018,Cisco College,101 College Heights,Cisco,Texas,76437,Town: Remote,Not applicable,-98.985206,32.401132,"1,000 - 4,999",3374,0,0
Weatherford College,Weatherford,TX,Public,229799,2018,Weatherford College,225 College Park Drive,Weatherford,Texas,76086-5699,Town: Fringe,Metropolitan Statistical Area,-97.792629,32.74133,"5,000 - 9,999",6389,0,0
St Philip's College,San Antonio,TX,Public,227854,2018,St Philip's College,1801 Martin Luther King Dr,San Antonio,Texas,78203-2098,City: Large,Metropolitan Statistical Area,-98.453285,29.41508,"10,000 - 19,999",11590,0,0
Trinity Valley Community College,Athens,TX,Public,225308,2018,Trinity Valley Community College,100 Cardinal Drive,Athens,Texas,75751,Town: Distant,Micropolitan Statistical Area,-95.858513,32.196596,"1,000 - 4,999",4245,0,0
Amarillo College,Amarillo,TX,Public,222576,2018,Amarillo College,2011 S. Washington,Amarillo,Texas,79109,City: Midsize,Metropolitan Statistical Area,-101.846988,35.187839,"5,000 - 9,999",9854,0,0
Southwest Texas Junior College,Uvalde,TX,Public,228316,2018,Southwest Texas Junior College,2401 Garner Field Rd,Uvalde,Texas,78801-6297,Town: Remote,Micropolitan Statistical Area,-99.741237,29.219671,"5,000 - 9,999",6894,0,0
Texas Southmost College,Brownsville,TX,Public,227377,2018,Texas Southmost College,80 Fort Brown,Brownsville,Texas,78520,City: Midsize,Metropolitan Statistical Area,-97.492241,25.899628,"5,000 - 9,999",7130,0,0
Laredo College,Laredo,TX,Public,226134,2018,Laredo College,West End Washington St,Laredo,Texas,78040-4395,City: Large,Metropolitan Statistical Area,-99.520772,27.506477,"10,000 - 19,999",10181,0,0
Angelina College,Lufkin,TX,Public,222822,2018,Angelina College,3500 South First,Lufkin,Texas,75902-1768,Town: Remote,Micropolitan Statistical Area,-94.731625,31.287444,"1,000 - 4,999",4919,0,0
Alvin Community College,Alvin,TX,Public,222567,2018,Alvin Community College,3110 Mustang Rd,Alvin,Texas,77511-4898,Suburb: Large,Metropolitan Statistical Area,-95.240671,29.396244,"5,000 - 9,999",5573,0,0
Grayson College,Denison,TX,Public,225070,2018,Grayson College,6101 Grayson Drive,Denison,Texas,75020-8299,Rural: Fringe,Metropolitan Statistical Area,-96.633891,33.70574,"1,000 - 4,999",4372,0,1
South Plains College,Levelland,TX,Public,228158,2018,South Plains College,1401 S. College Ave,Levelland,Texas,79336,Town: Distant,Micropolitan Statistical Area,-102.365075,33.575904,"5,000 - 9,999",9310,0,0
Tyler Junior College,Tyler,TX,Public,229355,2018,Tyler Junior College,1400 East Fifth Street,Tyler,Texas,75701,City: Midsize,Metropolitan Statistical Area,-95.284122,32.33601,"10,000 - 19,999",10106,0,0
Austin Community College District,Austin,TX,Public,222992,2018,Austin Community College District,5930 Middle Fiskville Rd,Austin,Texas,78752,City: Large,Metropolitan Statistical Area,-97.712505,30.322744,"20,000 and above",40799,0,0
Odessa College,Odessa,TX,Public,227304,2018,Odessa College,201 W University Blvd,Odessa,Texas,79764,City: Midsize,Metropolitan Statistical Area,-102.383477,31.866812,"5,000 - 9,999",7083,0,0
Frank Phillips College,Borger,TX,Public,224891,2018,Frank Phillips College,1301 W. Roosevelt St.,Borger,Texas,79008-5118,Town: Distant,Micropolitan Statistical Area,-101.406005,35.657778,"1,000 - 4,999",1484,0,0
Galveston College,Galveston,TX,Public,224961,2018,Galveston College,4015 Ave Q,Galveston,Texas,77550-7496,Town: Fringe,Metropolitan Statistical Area,-94.807686,29.284735,"1,000 - 4,999",2429,0,0
Blinn College,Brenham,TX,Public,223427,2018,Blinn College,902 College Ave,Brenham,Texas,77833-4098,Town: Distant,Micropolitan Statistical Area,-96.40852,30.160457,"20,000 and above",21623,0,0
Lee College,Baytown,TX,Public,226204,2018,Lee College,511 S Whiting,Baytown,Texas,77520,City: Small,Metropolitan Statistical Area,-94.978184,29.732505,"5,000 - 9,999",7773,0,0
Texas State Technical College,Waco,TX,Public,487320,2018,Texas State Technical College,3801 Campus Drive,Waco,Texas,76705,City: Midsize,Metropolitan Statistical Area,-97.08471,31.639295,"10,000 - 19,999",12445,0,0
Hill College,Hillsboro,TX,Public,225371,2018,Hill College,112 Lamar Dr,Hillsboro,Texas,76645,Town: Distant,Not applicable,-97.088332,32.010928,"1,000 - 4,999",4447,0,0
Central Texas College,Killeen,TX,Public,223816,2018,Central Texas College,6200 West Central Texas Expressway,Killeen,Texas,76549-4199,Suburb: Midsize,Metropolitan Statistical Area,-97.810827,31.120516,"10,000 - 19,999",16073,0,0
Cedar Valley College,Lancaster,TX,Public,223773,2018,Cedar Valley College,3030 North Dallas Ave,Lancaster,Texas,75134-3799,Rural: Fringe,Metropolitan Statistical Area,-96.763413,32.62568,"5,000 - 9,999",8030,0,1
North Lake College,Irving,TX,Public,227191,2018,North Lake College,5001 North MacArthur Blvd.,Irving,Texas,75038-3899,City: Midsize,Metropolitan Statistical Area,-96.967098,32.871872,"10,000 - 19,999",11512,0,0
Brookhaven College,Farmers Branch,TX,Public,223524,2018,Brookhaven College,3939 Valley View Ln,Farmers Branch,Texas,75244-4997,Suburb: Large,Metropolitan Statistical Area,-96.850152,32.928231,"10,000 - 19,999",13726,0,0
Northeast Texas Community College,Mount Pleasant,TX,Public,227225,2018,Northeast Texas Community College,2886 FM 1735,Mount Pleasant,Texas,75455,Rural: Distant,Micropolitan Statistical Area,-94.881855,33.104931,"1,000 - 4,999",3091,1,1
Palo Alto College,San Antonio,TX,Public,246354,2018,Palo Alto College,1400 W Villaret Blvd,San Antonio,Texas,78224-2499,City: Large,Metropolitan Statistical Area,-98.543468,29.322955,"5,000 - 9,999",9852,0,0
Collin County Community College District,Mc Kinney,TX,Public,247834,2018,Collin County Community College District,3452 Spur 399,McKinney,Texas,75069,Suburb: Midsize,Metropolitan Statistical Area,-96.63894,33.16241,"20,000 and above",33668,0,0
South Texas College,Mc Allen,TX,Public,409315,2018,South Texas College,3201 W Pecan,McAllen,Texas,78502-9701,City: Midsize,Metropolitan Statistical Area,-98.253634,26.217591,"20,000 and above",31949,0,0
Northwest Vista College,San Antonio,TX,Public,420398,2018,Northwest Vista College,3535 N. Ellison Drive,San Antonio,Texas,78251,City: Large,Metropolitan Statistical Area,-98.70513,29.471308,"10,000 - 19,999",16293,0,0
Lamar Institute of Technology,Beaumont,TX,Public,441760,2018,Lamar Institute of Technology,855 E Lavaca,Beaumont,Texas,77705,City: Midsize,Metropolitan Statistical Area,-94.077126,30.047885,"1,000 - 4,999",3265,0,0
Northeast Lakeview College,Universal City,TX,Public,488730,2018,Northeast Lakeview College,1201 Kitty Hawk Rd,Universal City,Texas,78145,Suburb: Large,Metropolitan Statistical Area,-98.323246,29.545802,"5,000 - 9,999",5510,0,0
Salt Lake Community College,Salt Lake City,UT,Public,230746,2018,Salt Lake Community College,4600 S Redwood Rd,Salt Lake City,Utah,84123,Suburb: Large,Metropolitan Statistical Area,-111.942809,40.671575,"20,000 and above",29156,0,0
Snow College,Ephraim,UT,Public,230597,2018,Snow College,150 E College Ave,Ephraim,Utah,84627,Town: Remote,Not applicable,-111.58296,39.360177,"5,000 - 9,999",5514,0,0
Central Virginia Community College,Lynchburg,VA,Public,231697,2018,Central Virginia Community College,3506 Wards Rd,Lynchburg,Virginia,24502-2498,City: Small,Metropolitan Statistical Area,-79.184238,37.358809,"1,000 - 4,999",4047,0,0
Danville Community College,Danville,VA,Public,231882,2018,Danville Community College,1008 S Main St,Danville,Virginia,24541-4004,Town: Distant,Micropolitan Statistical Area,-79.408803,36.565286,"1,000 - 4,999",2828,0,0
Virginia Highlands Community College,Abingdon,VA,Public,233903,2018,Virginia Highlands Community College,100 VHCC Drive,Abingdon,Virginia,24212-0828,Suburb: Small,Metropolitan Statistical Area,-82.001118,36.698866,"1,000 - 4,999",2387,0,0
New River Community College,Dublin,VA,Public,232867,2018,New River Community College,5251 College Drive,Dublin,Virginia,24084-1127,Town: Fringe,Metropolitan Statistical Area,-80.69605,37.105239,"1,000 - 4,999",4419,0,0
Dabney S Lancaster Community College,Clifton Forge,VA,Public,231873,2018,Dabney S Lancaster Community College,1000 Dabney Drive,Clifton Forge,Virginia,24422-1000,Rural: Fringe,Not applicable,-79.852536,37.812275,"Under 1,000",981,0,1
Thomas Nelson Community College,Hampton,VA,Public,233754,2018,Thomas Nelson Community College,99 Thomas Nelson Drive,Hampton,Virginia,23666,City: Midsize,Metropolitan Statistical Area,-76.420046,37.063821,"5,000 - 9,999",7685,0,0
Piedmont Virginia Community College,Charlottesville,VA,Public,233116,2018,Piedmont Virginia Community College,501 College Drive,Charlottesville,Virginia,22902-7589,Suburb: Small,Metropolitan Statistical Area,-78.483707,38.006895,"5,000 - 9,999",5445,0,0
Eastern Shore Community College,Melfa,VA,Public,232052,2018,Eastern Shore Community College,29300 Lankford Hwy,Melfa,Virginia,23410,Rural: Remote,Not applicable,-75.750791,37.640453,"Under 1,000",654,1,1
J Sargeant Reynolds Community College,Richmond,VA,Public,232414,2018,J Sargeant Reynolds Community College,1651 East Parham Road,Richmond,Virginia,23228-2327,Suburb: Large,Metropolitan Statistical Area,-77.473918,37.636837,"5,000 - 9,999",8737,0,0
Blue Ridge Community College,Weyers Cave,VA,Public,198039,2018,Blue Ridge Community College,180 West Campus Drive,Flat Rock,North Carolina,28731-4728,Suburb: Large,Metropolitan Statistical Area,-82.425544,35.30804,"1,000 - 4,999",2186,0,0
Blue Ridge Community College,Weyers Cave,VA,Public,231536,2018,Blue Ridge Community College,1 College Lane,Weyers Cave,Virginia,24486-0080,Rural: Fringe,Metropolitan Statistical Area,-78.937471,38.279075,"1,000 - 4,999",4099,0,1
Germanna Community College,Locust Grove,VA,Public,232195,2018,Germanna Community College,2130 Germanna Hwy,Locust Grove,Virginia,22508-2102,Rural: Fringe,Not applicable,-77.78012,38.375532,"5,000 - 9,999",7207,0,1
Richard Bland College,Petersburg,VA,Public,233338,2018,Richard Bland College,11301 Johnson Rd.,South Prince George,Virginia,23805,Rural: Fringe,Metropolitan Statistical Area,-77.399932,37.156972,"1,000 - 4,999",2475,0,1
Southwest Virginia Community College,Cedar Bluff,VA,Public,233648,2018,Southwest Virginia Community College,"369 College Road       US Rt. 19, 6 Miles S. Claypool Hill",Cedar Bluff,Virginia,24609,Rural: Fringe,Micropolitan Statistical Area,-81.796682,37.006196,"1,000 - 4,999",2373,0,1
Patrick Henry Community College,Martinsville,VA,Public,233019,2018,Patrick Henry Community College,645 Patriot Avenue,Martinsville,Virginia,24112,Rural: Fringe,Micropolitan Statistical Area,-79.871133,36.737893,"1,000 - 4,999",2266,0,1
Tidewater Community College,Norfolk,VA,Public,233772,2018,Tidewater Community College,121 College Place,Norfolk,Virginia,23510,City: Midsize,Metropolitan Statistical Area,-76.289904,36.8501,"20,000 and above",20941,0,0
Lord Fairfax Community College,Middletown,VA,Public,232575,2018,Lord Fairfax Community College,173 Skirmisher Lane,Middletown,Virginia,22645,Rural: Fringe,Metropolitan Statistical Area,-78.267336,39.036001,"5,000 - 9,999",6798,0,1
Mountain Empire Community College,Big Stone Gap,VA,Public,232788,2018,Mountain Empire Community College,3441 Mountain Empire Road,Big Stone Gap,Virginia,24219,Town: Distant,Micropolitan Statistical Area,-82.758277,36.854421,"1,000 - 4,999",2506,0,0
John Tyler Community College,Chester,VA,Public,232450,2018,John Tyler Community College,13101 Jefferson Davis Hwy,Chester,Virginia,23831-5316,Suburb: Large,Metropolitan Statistical Area,-77.407919,37.346254,"10,000 - 19,999",10144,0,0
Southside Virginia Community College,Alberta,VA,Public,233639,2018,Southside Virginia Community College,109 Campus Drive,Alberta,Virginia,23821,Rural: Distant,Not applicable,-77.917962,36.839066,"1,000 - 4,999",3430,1,1
Northern Virginia Community College,Annandale,VA,Public,232946,2018,Northern Virginia Community College,4001 Wakefield Chapel Rd,Annandale,Virginia,22003-3796,Suburb: Large,Metropolitan Statistical Area,-77.236718,38.833361,"20,000 and above",50929,0,0
Wytheville Community College,Wytheville,VA,Public,234377,2018,Wytheville Community College,1000 E Main Street,Wytheville,Virginia,24382-3308,Town: Distant,Not applicable,-81.071181,36.95731,"1,000 - 4,999",2514,0,0
Virginia Western Community College,Roanoke,VA,Public,233949,2018,Virginia Western Community College,3094 Colonial Ave,Roanoke,Virginia,24015,City: Small,Metropolitan Statistical Area,-79.973011,37.245029,"5,000 - 9,999",6827,0,0
Rappahannock Community College,Glenns,VA,Public,233310,2018,Rappahannock Community College,12745 College Drive,Glenns,Virginia,23149-2616,Rural: Distant,Metropolitan Statistical Area,-76.623913,37.564425,"1,000 - 4,999",3082,1,1
Community College of Vermont,Montpelier,VT,Public,230861,2018,Community College of Vermont,660 Elm Street,Montpelier,Vermont,5602,Rural: Fringe,Micropolitan Statistical Area,-72.573774,44.280811,"5,000 - 9,999",5378,0,1
Edmonds Community College,Lynnwood,WA,Public,235103,2018,Edmonds Community College,20000 68th Ave W,Lynnwood,Washington,98036-5912,Suburb: Large,Metropolitan Statistical Area,-122.327598,47.816376,"5,000 - 9,999",8041,0,0
South Seattle College,Seattle,WA,Public,236504,2018,South Seattle College,6000 16th Ave SW,Seattle,Washington,98106-1499,City: Large,Metropolitan Statistical Area,-122.352672,47.5475,"5,000 - 9,999",6177,0,0
Seattle Central College,Seattle,WA,Public,236513,2018,Seattle Central College,1701 Broadway Avenue,Seattle,Washington,98122,City: Large,Metropolitan Statistical Area,-122.321231,47.616748,"5,000 - 9,999",6802,0,0
North Seattle College,Seattle,WA,Public,236072,2018,North Seattle College,9600 College Way North,Seattle,Washington,98103-3599,City: Large,Metropolitan Statistical Area,-122.333584,47.698408,"5,000 - 9,999",5929,0,0
South Puget Sound Community College,Olympia,WA,Public,236656,2018,South Puget Sound Community College,2011 Mottman Rd SW,Olympia,Washington,98512-6292,City: Small,Metropolitan Statistical Area,-122.929578,47.023698,"1,000 - 4,999",4872,0,0
Centralia College,Centralia,WA,Public,234845,2018,Centralia College,600 Centralia College Blvd.,Centralia,Washington,98531-4099,Town: Distant,Micropolitan Statistical Area,-122.960591,46.715017,"1,000 - 4,999",3167,0,0
Olympic College,Bremerton,WA,Public,236188,2018,Olympic College,1600 Chester Ave,Bremerton,Washington,98337-1699,City: Small,Metropolitan Statistical Area,-122.635113,47.574769,"5,000 - 9,999",6620,0,0
Skagit Valley College,Mount Vernon,WA,Public,236638,2018,Skagit Valley College,2405 E. College Way,Mount Vernon,Washington,98273,City: Small,Metropolitan Statistical Area,-122.30894,48.437194,"5,000 - 9,999",5159,0,0
Grays Harbor College,Aberdeen,WA,Public,235334,2018,Grays Harbor College,1620 Edward P Smith Drive,Aberdeen,Washington,98520-7599,Rural: Fringe,Micropolitan Statistical Area,-123.803068,46.953881,"1,000 - 4,999",1868,0,1
Wenatchee Valley College,Wenatchee,WA,Public,236975,2018,Wenatchee Valley College,1300 Fifth St,Wenatchee,Washington,98801-1799,City: Small,Metropolitan Statistical Area,-120.337198,47.431234,"1,000 - 4,999",3444,0,0
Clark College,Vancouver,WA,Public,234933,2018,Clark College,1933 Fort Vancouver Way,Vancouver,Washington,98663-3598,City: Midsize,Metropolitan Statistical Area,-122.651257,45.636133,"5,000 - 9,999",9878,0,0
Whatcom Community College,Bellingham,WA,Public,237039,2018,Whatcom Community College,237 W Kellogg Rd,Bellingham,Washington,98226,City: Small,Metropolitan Statistical Area,-122.493253,48.7939,"1,000 - 4,999",4263,0,0
Yakima Valley College,Yakima,WA,Public,237109,2018,Yakima Valley College,South 16th Ave. & Nob Hill Blvd.,Yakima,Washington,98907-2520,City: Small,Metropolitan Statistical Area,-120.528525,46.586098,"1,000 - 4,999",4456,0,0
Big Bend Community College,Moses Lake,WA,Public,234711,2018,Big Bend Community College,7662 Chanute St NE,Moses Lake,Washington,98837-3299,Town: Remote,Micropolitan Statistical Area,-119.325678,47.183651,"1,000 - 4,999",2044,0,0
Peninsula College,Port Angeles,WA,Public,236258,2018,Peninsula College,1502 E Lauridsen Blvd,Port Angeles,Washington,98362,Town: Remote,Micropolitan Statistical Area,-123.412865,48.101295,"1,000 - 4,999",2052,0,0
Shoreline Community College,Shoreline,WA,Public,236610,2018,Shoreline Community College,16101 Greenwood Ave N,Shoreline,Washington,98133-5696,Suburb: Large,Metropolitan Statistical Area,-122.358626,47.747402,"5,000 - 9,999",5949,0,0
Green River College,Auburn,WA,Public,235343,2018,Green River College,12401 SE 320th St,Auburn,Washington,98092-3622,City: Small,Metropolitan Statistical Area,-122.175819,47.313648,"5,000 - 9,999",8471,0,0
Walla Walla Community College,Walla Walla,WA,Public,236887,2018,Walla Walla Community College,500 Tausick Way,Walla Walla,Washington,99362-9267,City: Small,Metropolitan Statistical Area,-118.276505,46.078557,"1,000 - 4,999",3860,0,0
Highline College,Des Moines,WA,Public,235431,2018,Highline College,2400 S 240th St,Des Moines,Washington,98198-9800,Suburb: Large,Metropolitan Statistical Area,-122.303064,47.388231,"5,000 - 9,999",6530,0,0
Lower Columbia College,Longview,WA,Public,235750,2018,Lower Columbia College,1600 Maple Street,Longview,Washington,98632-0310,City: Small,Metropolitan Statistical Area,-122.935928,46.14214,"1,000 - 4,999",2819,0,0
Tacoma Community College,Tacoma,WA,Public,236753,2018,Tacoma Community College,6501 S 19th St,Tacoma,Washington,98466-6100,City: Midsize,Metropolitan Statistical Area,-122.524793,47.244622,"5,000 - 9,999",6242,0,0
Spokane Community College,Spokane,WA,Public,236692,2018,Spokane Community College,1810 North Greene Street,Spokane,Washington,99217-5399,City: Midsize,Metropolitan Statistical Area,-117.360065,47.674034,"10,000 - 19,999",10375,0,0
Everett Community College,Everett,WA,Public,235149,2018,Everett Community College,2000 Tower Street,Everett,Washington,98201,City: Midsize,Metropolitan Statistical Area,-122.204736,48.006626,"5,000 - 9,999",7957,0,0
Bellevue College,Bellevue,WA,Public,234669,2018,Bellevue College,3000 Landerholm Cir SE,Bellevue,Washington,98007-6484,City: Midsize,Metropolitan Statistical Area,-122.150118,47.584014,"10,000 - 19,999",13226,0,0
Spokane Falls Community College,Spokane,WA,Public,236708,2018,Spokane Falls Community College,3410 W Fort George Wright Dr,Spokane,Washington,99224-5288,City: Midsize,Metropolitan Statistical Area,-117.463538,47.676741,"5,000 - 9,999",5184,0,0
Lake Washington Institute of Technology,Kirkland,WA,Public,235699,2018,Lake Washington Institute of Technology,11605 132nd Ave NE,Kirkland,Washington,98034-8506,Suburb: Large,Metropolitan Statistical Area,-122.167131,47.705077,"1,000 - 4,999",3670,0,0
Renton Technical College,Renton,WA,Public,236382,2018,Renton Technical College,3000 NE Fourth St,Renton,Washington,98056-4123,City: Midsize,Metropolitan Statistical Area,-122.176303,47.489206,"1,000 - 4,999",3546,0,0
Clover Park Technical College,Lakewood,WA,Public,234951,2018,Clover Park Technical College,4500 Steilacoom Blvd SW,Lakewood,Washington,98499-4004,City: Small,Metropolitan Statistical Area,-122.497873,47.176084,"1,000 - 4,999",3905,0,0
Bellingham Technical College,Bellingham,WA,Public,234696,2018,Bellingham Technical College,3028 Lindbergh Ave,Bellingham,Washington,98225-1599,City: Small,Metropolitan Statistical Area,-122.51216,48.766189,"1,000 - 4,999",2316,0,0
Cascadia College,Bothell,WA,Public,439190,2018,Cascadia College,18345 Campus Way NE,Bothell,Washington,98011-8205,Suburb: Large,Metropolitan Statistical Area,-122.191572,47.760915,"1,000 - 4,999",3396,0,0
Bates Technical College,Tacoma,WA,Public,235671,2018,Bates Technical College,1101 S Yakima Ave,Tacoma,Washington,98405,City: Midsize,Metropolitan Statistical Area,-122.44683,47.251743,"1,000 - 4,999",4445,0,0
Waukesha County Technical College,Pewaukee,WI,Public,240125,2018,Waukesha County Technical College,800 Main Street,Pewaukee,Wisconsin,53072-4601,Suburb: Large,Metropolitan Statistical Area,-88.256292,43.071444,"5,000 - 9,999",7961,0,0
Nicolet Area Technical College,Rhinelander,WI,Public,239442,2018,Nicolet Area Technical College,5364 College Drive,Rhinelander,Wisconsin,54501-0518,Rural: Fringe,Not applicable,-89.425055,45.609542,"1,000 - 4,999",1283,0,1
Southwest Wisconsin Technical College,Fennimore,WI,Public,239910,2018,Southwest Wisconsin Technical College,1800 Bronson Blvd,Fennimore,Wisconsin,53809-9778,Rural: Distant,Micropolitan Statistical Area,-90.637714,42.976238,"1,000 - 4,999",2009,1,1
Chippewa Valley Technical College,Eau Claire,WI,Public,240116,2018,Chippewa Valley Technical College,620 W Clairemont Ave,Eau Claire,Wisconsin,54701-6162,City: Small,Metropolitan Statistical Area,-91.505675,44.794867,"5,000 - 9,999",7645,0,0
Moraine Park Technical College,Fond du Lac,WI,Public,239372,2018,Moraine Park Technical College,235 N National Avenue,Fond du Lac,Wisconsin,54936-1940,City: Small,Metropolitan Statistical Area,-88.417656,43.785224,"1,000 - 4,999",4470,0,0
Lakeshore Technical College,Cleveland,WI,Public,239008,2018,Lakeshore Technical College,1290 North Avenue,Cleveland,Wisconsin,53015-1414,Rural: Distant,Micropolitan Statistical Area,-87.75454,43.924774,"1,000 - 4,999",2963,1,1
Fox Valley Technical College,Appleton,WI,Public,238722,2018,Fox Valley Technical College,1825 N Bluemound Dr,Appleton,Wisconsin,54912-2277,Suburb: Midsize,Metropolitan Statistical Area,-88.45893,44.283174,"10,000 - 19,999",11709,0,0
Blackhawk Technical College,Janesville,WI,Public,238397,2018,Blackhawk Technical College,6004 South County Road G,Janesville,Wisconsin,53547-5009,Suburb: Small,Metropolitan Statistical Area,-89.016254,42.593159,"1,000 - 4,999",2222,0,0
Northcentral Technical College,Wausau,WI,Public,239460,2018,Northcentral Technical College,1000 Campus Dr,Wausau,Wisconsin,54401-1899,City: Small,Metropolitan Statistical Area,-89.646369,44.986458,"5,000 - 9,999",6395,0,0
Western Technical College,La Crosse,WI,Public,224660,2018,Western Technical College,9451 Diana Drive,El Paso,Texas,79924,City: Large,Metropolitan Statistical Area,-106.425881,31.877794,"Under 1,000",495,0,0
Western Technical College,La Crosse,WI,Public,224679,2018,Western Technical College,9624 Plaza Circle,El Paso,Texas,79927,City: Large,Metropolitan Statistical Area,-106.319269,31.675953,"1,000 - 4,999",1162,0,0
Western Technical College,La Crosse,WI,Public,240170,2018,Western Technical College,400 Seventh St. North,La Crosse,Wisconsin,54601,City: Small,Metropolitan Statistical Area,-91.246191,43.815309,"1,000 - 4,999",4004,0,0
Wisconsin Indianhead Technical College,Shell Lake,WI,Public,240198,2018,Wisconsin Indianhead Technical College,505 Pine Ridge Drive,Shell Lake,Wisconsin,54871-8727,Rural: Distant,Not applicable,-91.916484,45.747831,"1,000 - 4,999",2963,1,1
Milwaukee Area Technical College,Milwaukee,WI,Public,239248,2018,Milwaukee Area Technical College,700 W State St,Milwaukee,Wisconsin,53233-1443,City: Large,Metropolitan Statistical Area,-87.920818,43.04359,"10,000 - 19,999",15278,0,0
Gateway Technical College,Kenosha,WI,Public,238759,2018,Gateway Technical College,3520 30th Ave,Kenosha,Wisconsin,53144-1690,Suburb: Midsize,Metropolitan Statistical Area,-87.846695,42.605677,"5,000 - 9,999",7037,0,0
Northeast Wisconsin Technical College,Green Bay,WI,Public,239488,2018,Northeast Wisconsin Technical College,2740 W Mason St,Green Bay,Wisconsin,54307-9042,City: Midsize,Metropolitan Statistical Area,-88.105675,44.526467,"10,000 - 19,999",11505,0,0
West Virginia Northern Community College,Wheeling,WV,Public,238014,2018,West Virginia Northern Community College,1704 Market St.,Wheeling,West Virginia,26003-3699,City: Small,Metropolitan Statistical Area,-80.721263,40.063318,"1,000 - 4,999",1541,0,0
Eastern Wyoming College,Torrington,WY,Public,240596,2018,Eastern Wyoming College,3200 West C St,Torrington,Wyoming,82240-1699,Town: Remote,Not applicable,-104.190823,42.079354,"1,000 - 4,999",1462,0,0
Northwest College,Powell,WY,Public,240657,2018,Northwest College,231 W 6th St,Powell,Wyoming,82435,Town: Remote,Not applicable,-108.761853,44.760656,"1,000 - 4,999",1488,0,0
Casper College,Casper,WY,Public,240505,2018,Casper College,125 College Drive,Casper,Wyoming,82601-4699,City: Small,Metropolitan Statistical Area,-106.326712,42.832788,"1,000 - 4,999",3650,0,0
Laramie County Community College,Cheyenne,WY,Public,240620,2018,Laramie County Community College,1400 E College Dr,Cheyenne,Wyoming,82007-3299,Suburb: Small,Metropolitan Statistical Area,-104.778789,41.104288,"1,000 - 4,999",4097,0,0
Western Wyoming Community College,Rock Springs,WY,Public,240693,2018,Western Wyoming Community College,2500 College Dr,Rock Springs,Wyoming,82901,Town: Remote,Micropolitan Statistical Area,-109.237126,41.590964,"1,000 - 4,999",3183,0,0
Central Wyoming College,Riverton,WY,Public,240514,2018,Central Wyoming College,2660 Peck Avenue,Riverton,Wyoming,82501,Town: Remote,Micropolitan Statistical Area,-108.426738,43.030556,"1,000 - 4,999",1974,0,0
Northern Wyoming Community College District,Sheridan,WY,Public,240666,2018,Northern Wyoming Community College District,1 Whitney Way,Sheridan,Wyoming,82801,Town: Remote,Micropolitan Statistical Area,-106.941105,44.763926,"1,000 - 4,999",4168,0,0
Northern Wyoming Community College District,Sheridan,PR,Public,240666,2018,Northern Wyoming Community College District,1 Whitney Way,Sheridan,PR,82801,Town: Remote,Micropolitan Statistical Area,-66.05013746,18.40280705,"1,000 - 4,999",4168,0,0